0.008593241373697916
0.0014063517252604167
0.0020751953125
0.0033086140950520835
0.00384521484375
0.004241943359375
0.004915873209635417
0.004857381184895833
0.00547027587890625
0.004788716634114583
0.005434672037760417
0.005617777506510417
0.006197611490885417
0.006268819173177083
0.007044474283854167
0.008700052897135416
0.008717854817708334
0.009295145670572916
0.008951822916666666
0.00827789306640625
0.007420857747395833
0.0075531005859375
0.005808512369791667
0.0074005126953125
0.006876627604166667
0.006543477376302083
0.00580596923828125
0.0065460205078125
0.007509867350260417
0.00768280029296875
0.007586161295572917
0.006128946940104167
0.00835418701171875
0.007832845052083334
0.010060628255208334
0.006251017252604167
0.009897867838541666
0.009020487467447916
0.01248931884765625
0.007382710774739583
0.011871337890625
0.01018524169921875
0.008733113606770834
0.013646443684895834
0.010297139485677084
0.009526570638020834
0.011212666829427084
0.011217753092447916
0.008084615071614584
0.006968180338541667
0.007466634114583333
0.006749471028645833
0.003957112630208333
0.004831949869791667
0.00390625
0.0037053426106770835
0.0021998087565104165
0.00272369384765625
0.0021947224934895835
0.0015996297200520833
0.0016657511393229167
0.00164031982421875
0.00150299072265625
0.00128936767578125
0.0013453165690104167
0.0012868245442708333
0.00130462646484375
0.0015157063802083333
0.0013300577799479167
0.00159454345703125
0.0015131632486979167
0.0017369588216145833
0.0015309651692708333
0.00182342529296875
0.0020421346028645835
0.0019963582356770835
0.0024922688802083335
0.00252532958984375
0.0028101603190104165
0.0023473103841145835
0.0033518473307291665
0.0031560262044270835
0.0032196044921875
0.0036977132161458335
0.003997802734375
0.0038731892903645835
0.004450480143229167
0.004208882649739583
0.004686991373697917
0.005556742350260417
0.005767822265625
0.005999247233072917
0.0062408447265625
0.008649190266927084
0.00848388671875
0.0096282958984375
0.009808858235677084
0.010500590006510416
0.013071695963541666
0.026034037272135418
0.014834086100260416
0.013715108235677084
0.018572489420572918
0.021265665690104168
0.019770304361979168
0.0117034912109375
0.017115275065104168
0.018346150716145832
0.019162495930989582
0.014312744140625
0.018091837565104168
0.013888041178385416
0.018933614095052082
0.01615142822265625
0.015538533528645834
0.009936014811197916
0.01001739501953125
0.007161458333333333
0.008290608723958334
0.007380167643229167
0.00760650634765625
0.00710296630859375
0.00646209716796875
0.006726582845052083
0.006128946940104167
0.00495147705078125
0.0038782755533854165
0.00395965576171875
0.0036799112955729165
0.0029169718424479165
0.0033518473307291665
0.0027211507161458335
0.0020167032877604165
0.0015818277994791667
0.0016352335611979167
0.0013249715169270833
0.00127410888671875
0.0012766520182291667
0.00104522705078125
0.0011647542317708333
0.0010350545247395833
0.00127410888671875
0.0012054443359375
0.0013478597005208333
0.0010223388671875
0.0015157063802083333
0.0010045369466145833
0.0013910929361979167
0.0011393229166666667
0.00103759765625
6.688435872395834E-4
9.765625E-4
7.4005126953125E-4
9.2315673828125E-4
7.476806640625E-4
8.265177408854166E-4
8.061726888020834E-4
0.00130462646484375
0.0011138916015625
9.358723958333334E-4
9.562174479166666E-4
9.282430013020834E-4
8.4686279296875E-4
0.0011113484700520833
8.646647135416666E-4
6.6375732421875E-4
7.527669270833334E-4
9.307861328125E-4
8.646647135416666E-4
5.823771158854166E-4
7.476806640625E-4
8.188883463541666E-4
5.645751953125E-4
0.0012003580729166667
8.951822916666666E-4
9.256998697916666E-4
8.036295572916666E-4
8.799235026041666E-4
7.32421875E-4
8.697509765625E-4
6.561279296875E-4
5.060831705729166E-4
3.306070963541667E-4
5.366007486979166E-4
3.840128580729167E-4
2.721150716145833E-4
1.6276041666666666E-4
2.721150716145833E-4
1.9582112630208334E-4
2.466837565104167E-4
1.0935465494791667E-4
1.1952718098958333E-4
6.612141927083333E-5
6.103515625E-5
2.5431315104166668E-5
1.2715657552083334E-5
1.2715657552083334E-5
1.2715657552083334E-5
1.0172526041666666E-5
1.0172526041666666E-5
1.52587890625E-5
1.2715657552083334E-5
1.7801920572916668E-5
1.2715657552083334E-5
1.52587890625E-5
0.0
1.0172526041666666E-5
7.62939453125E-6
1.0172526041666666E-5
2.5431315104166665E-6
2.5431315104166665E-6
0.0
0.0
2.5431315104166665E-6
0.0
0.0
0.0
0.0
0.0
0.0
0.0
0.0
0.0
2.5431315104166665E-6
0.0
0.0
2.5431315104166665E-6
0.0
2.5431315104166665E-6
0.0
0.0
0.0
0.0
0.0
0.0
0.0
2.5431315104166665E-6
0.0
0.0
0.0
0.0
0.0
0.0
0.0
0.0
0.0
2.5431315104166665E-6
0.0
0.0
2.5431315104166665E-6
0.0
0.0
0.0
0.0
0.0
7.62939453125E-6
