0.0019556681315104165
0.0
7.62939453125E-6
1.0172526041666666E-5
1.0172526041666666E-5
2.288818359375E-5
1.7801920572916668E-5
7.62939453125E-6
2.288818359375E-5
1.7801920572916668E-5
2.5431315104166668E-5
4.3233235677083336E-5
4.3233235677083336E-5
8.138020833333333E-5
9.918212890625E-5
1.6530354817708334E-4
1.7038981119791666E-4
2.2379557291666666E-4
2.492268880208333E-4
3.331502278645833E-4
3.662109375E-4
5.213419596354166E-4
6.052652994791666E-4
6.9427490234375E-4
6.205240885416666E-4
9.969075520833333E-4
0.001220703125
0.0016581217447916667
9.9945068359375E-4
0.0016021728515625
0.0012537638346354167
0.00142669677734375
0.0017573038736979167
0.0020853678385416665
0.0017267862955729167
0.0024998982747395835
0.0032450358072916665
0.0029424031575520835
0.0029958089192708335
0.004201253255208333
0.0047760009765625
0.00545501708984375
0.007138570149739583
0.007692972819010417
0.00920867919921875
0.00936126708984375
0.00734710693359375
0.008371988932291666
0.0077362060546875
0.008631388346354166
0.008707682291666666
0.00730133056640625
0.010073343912760416
0.01000213623046875
0.009206136067708334
0.009076436360677084
0.012148539225260416
0.013043721516927084
0.012972513834635416
0.013521830240885416
0.015993754069010418
0.0156402587890625
0.013788859049479166
0.011505126953125
0.009592692057291666
0.007047017415364583
0.005956013997395833
0.005368550618489583
0.0033747355143229165
0.0028050740559895835
0.0029805501302083335
0.0020345052083333335
0.0017903645833333333
0.0018513997395833333
0.0020090738932291665
0.0013529459635416667
0.0017903645833333333
0.0013580322265625
0.0016530354817708333
0.0015920003255208333
0.0020319620768229165
0.00188446044921875
0.002044677734375
0.0028228759765625
0.0033315022786458335
0.0025787353515625
0.0030008951822916665
0.004445393880208333
0.007006327311197917
0.00756072998046875
0.006360371907552083
0.008633931477864584
0.01318359375
0.015019734700520834
0.0080108642578125
0.014043172200520834
0.01593017578125
0.00728607177734375
0.0150299072265625
0.0236663818359375
0.009417215983072916
0.007596333821614583
0.011103312174479166
0.0081329345703125
0.010396321614583334
0.00940704345703125
0.01251983642578125
0.006090799967447917
0.013422648111979166
0.010920206705729166
0.00792694091796875
0.0082855224609375
0.009808858235677084
0.007886250813802084
0.00872039794921875
0.009457906087239584
0.008341471354166666
0.007904052734375
0.007975260416666666
0.009045918782552084
0.008555094401041666
0.009002685546875
0.007619222005208333
0.00965118408203125
0.008402506510416666
0.00887298583984375
0.007563273111979167
0.008076985677083334
0.008450826009114584
0.008486429850260416
0.006398518880208333
0.008806864420572916
0.007578531901041667
0.007537841796875
0.0067596435546875
0.007609049479166667
0.0067596435546875
0.006940205891927083
0.007273356119791667
0.005948384602864583
0.00583648681640625
0.00589752197265625
0.005116780598958333
0.004625956217447917
0.004160563151041667
0.00417327880859375
0.003908793131510417
0.00363922119140625
0.0036773681640625
0.00342559814453125
0.0034383138020833335
0.0032831827799479165
0.0031483968098958335
0.0029932657877604165
0.00308990478515625
0.0028889973958333335
0.0028432210286458335
0.00295257568359375
0.0028127034505208335
0.0025761922200520835
0.002777099609375
0.0026804606119791665
0.0028661092122395835
0.0023778279622395835
0.0027491251627604165
0.0022455851236979165
0.0021642049153645835
0.0023676554361979165
0.0025075276692708335
0.002227783203125
0.0020497639973958335
0.0022710164388020835
0.00167083740234375
0.0016962687174479167
0.00148773193359375
0.0011927286783854167
0.0013478597005208333
0.00141143798828125
0.00104522705078125
0.0012461344401041667
0.00124359130859375
9.0789794921875E-4
0.0012766520182291667
0.0013376871744791667
0.0011011759440104167
0.0010706583658854167
0.001312255859375
0.0014699300130208333
8.977254231770834E-4
0.0010553995768229167
0.0010833740234375
0.001007080078125
7.502237955729166E-4
9.333292643229166E-4
7.9345703125E-4
6.128946940104166E-4
8.7738037109375E-4
8.672078450520834E-4
6.891886393229166E-4
7.425944010416666E-4
7.2479248046875E-4
8.4686279296875E-4
6.993611653645834E-4
8.392333984375E-4
8.722941080729166E-4
0.00110626220703125
7.603963216145834E-4
9.613037109375E-4
8.341471354166666E-4
7.578531901041666E-4
7.9345703125E-4
7.807413736979166E-4
6.764729817708334E-4
6.561279296875E-4
6.306966145833334E-4
7.451375325520834E-4
4.908243815104166E-4
5.772908528645834E-4
4.57763671875E-4
5.976359049479166E-4
3.712972005208333E-4
3.789265950520833E-4
4.425048828125E-4
3.687540690104167E-4
3.255208333333333E-4
4.297892252604167E-4
3.712972005208333E-4
3.382364908854167E-4
3.789265950520833E-4
3.611246744791667E-4
3.255208333333333E-4
4.145304361979167E-4
3.941853841145833E-4
3.2806396484375E-4
3.229777018229167E-4
3.077189127604167E-4
2.797444661458333E-4
2.619425455729167E-4
2.3651123046875E-4
2.492268880208333E-4
2.1870930989583334E-4
2.5177001953125E-4
2.2633870442708334E-4
2.492268880208333E-4
2.0345052083333334E-4
2.0853678385416666E-4
2.1107991536458334E-4
2.0345052083333334E-4
2.0345052083333334E-4
1.8819173177083334E-4
2.0090738932291666E-4
2.288818359375E-4
2.644856770833333E-4
2.3142496744791666E-4
2.1107991536458334E-4
0.007395426432291667
