0.001953125
0.0
0.0
0.0
0.0
0.0
0.0
0.0
0.0
0.0
0.0
0.0
0.0
0.0
0.0
0.0
0.0
0.0
0.0
7.62939453125E-6
1.0172526041666666E-5
7.62939453125E-6
1.7801920572916668E-5
4.8319498697916664E-5
1.4495849609375E-4
1.8564860026041666E-4
1.8056233723958334E-4
3.178914388020833E-4
9.358723958333334E-4
5.772908528645834E-4
0.00130462646484375
0.00162506103515625
7.832845052083334E-4
0.0017547607421875
0.0013300577799479167
8.9263916015625E-4
0.0015513102213541667
0.00124359130859375
0.0012919108072916667
4.857381184895833E-4
8.341471354166666E-4
6.9427490234375E-4
6.917317708333334E-4
0.0016072591145833333
0.0015436808268229167
0.0012664794921875
0.0015614827473958333
0.0024617513020833335
0.0024922688802083335
0.0014495849609375
0.0027643839518229165
0.0025177001953125
0.0030339558919270835
0.0033060709635416665
0.0031077067057291665
0.0023981730143229165
0.0029729207356770835
0.0031153361002604165
0.00365447998046875
0.0028025309244791665
0.0031077067057291665
0.0026575724283854165
0.0037714640299479165
0.004816691080729167
0.0037282307942708335
0.0031941731770833335
0.005605061848958333
0.004358927408854167
0.006647745768229167
0.005770365397135417
0.0074462890625
0.00675201416015625
0.011995951334635416
0.010876973470052084
0.011716206868489584
0.012013753255208334
0.0157623291015625
0.0218505859375
0.016240437825520832
0.020642598470052082
0.021519978841145832
0.028180440266927082
0.019831339518229168
0.0235137939453125
0.022455851236979168
0.022183736165364582
0.00962066650390625
0.01511383056640625
0.012026468912760416
0.0051422119140625
0.011891682942708334
0.008763631184895834
0.0107879638671875
0.004206339518229167
0.010609944661458334
0.012133280436197916
0.008684794108072916
0.00565338134765625
0.006039937337239583
0.014661153157552084
0.006795247395833333
0.004730224609375
0.0037027994791666665
0.005320231119791667
0.005839029947916667
0.004514058430989583
0.00283050537109375
0.0038503011067708335
0.00383758544921875
0.004468282063802083
0.004000345865885417
0.0037892659505208335
0.00492095947265625
0.00577545166015625
0.007486979166666667
0.008257548014322916
0.0067901611328125
0.00537872314453125
0.006289164225260417
0.005884806315104167
0.007029215494791667
0.00400543212890625
0.00603485107421875
0.0059814453125
0.005625406901041667
0.006777445475260417
0.00609588623046875
0.006863911946614583
0.005757649739583333
0.008692423502604166
0.007372538248697917
0.007219950358072917
0.005968729654947917
0.006024678548177083
0.007054646809895833
0.006792704264322917
0.005750020345052083
0.00539398193359375
0.005556742350260417
0.006642659505208333
0.0065460205078125
0.005994160970052083
0.005193074544270833
0.005907694498697917
0.006680806477864583
0.007008870442708333
0.00502777099609375
0.005419413248697917
0.006924947102864583
0.005902608235677083
0.005953470865885417
0.004582722981770833
0.005254109700520833
0.0057373046875
0.00591278076171875
0.0050811767578125
0.00522613525390625
0.005035400390625
0.00614166259765625
0.00551605224609375
0.00431060791015625
0.00447845458984375
0.004132588704427083
0.005193074544270833
0.004241943359375
0.0035222371419270835
0.00341796875
0.0035959879557291665
0.0031789143880208335
0.003631591796875
0.0026906331380208335
0.0026499430338541665
0.002716064453125
0.0030848185221354165
0.00244903564453125
0.0021616617838541665
0.00202178955078125
0.00267791748046875
0.0025838216145833335
0.0017674763997395833
0.002227783203125
0.0021031697591145835
0.0024592081705729165
0.0018742879231770833
0.0014979044596354167
0.0018590291341145833
0.0016530354817708333
0.0014521280924479167
0.0018310546875
0.0016021728515625
0.00130462646484375
0.00171661376953125
0.00135040283203125
0.0019734700520833335
0.00125885009765625
0.0010630289713541667
0.0018870035807291667
0.0017979939778645833
0.0012944539388020833
0.0012639363606770833
0.0014851888020833333
0.00148773193359375
8.494059244791666E-4
0.0011622111002604167
0.0011749267578125
7.222493489583334E-4
0.00116729736328125
0.0011138916015625
0.0010325113932291667
7.9345703125E-4
0.0011113484700520833
8.595784505208334E-4
9.5367431640625E-4
9.028116861979166E-4
6.3323974609375E-4
6.9427490234375E-4
7.8582763671875E-4
6.078084309895834E-4
4.908243815104166E-4
6.078084309895834E-4
6.230672200520834E-4
5.5694580078125E-4
6.4849853515625E-4
5.467732747395834E-4
5.442301432291666E-4
5.594889322916666E-4
5.4931640625E-4
6.612141927083334E-4
4.781087239583333E-4
5.645751953125E-4
5.060831705729166E-4
4.018147786458333E-4
4.552205403645833E-4
3.992716471354167E-4
3.255208333333333E-4
4.857381184895833E-4
3.5858154296875E-4
3.7384033203125E-4
3.407796223958333E-4
3.382364908854167E-4
4.399617513020833E-4
3.35693359375E-4
3.941853841145833E-4
3.4332275390625E-4
3.102620442708333E-4
4.297892252604167E-4
3.026326497395833E-4
3.229777018229167E-4
2.873738606770833E-4
4.018147786458333E-4
3.102620442708333E-4
3.026326497395833E-4
2.695719401041667E-4
2.797444661458333E-4
3.712972005208333E-4
0.009518941243489584
