0.0
0.0
0.0
0.0
0.0
0.0
0.0
0.0
0.0
0.0
0.0
0.0
0.0
0.0
0.0
0.0
0.0
0.0
0.0
0.0
0.0
0.0
0.0
0.0
0.0
0.0
0.0
0.0
0.0
0.0
0.0
0.0
0.0
0.0
0.0
0.0
0.0
0.0
0.0
0.0
0.0
0.0
0.0
0.0
0.0
0.0
0.0
0.0
0.0
0.0
0.0
0.0
0.0
0.0
0.0
0.0
0.0
0.0
0.0
0.0
0.0
0.0
0.0
0.0
0.0
0.0
0.0
0.0
0.0
0.0
0.0
0.0
0.0
0.0
0.0
0.0
0.0
0.0
0.0
0.0
0.0
0.0
0.0
0.0
0.0
0.0
0.0
0.0
0.0
0.0
0.0
5.086263020833333E-6
1.52587890625E-5
1.2715657552083334E-5
5.340576171875E-5
1.0172526041666667E-4
2.0599365234375E-4
2.2633870442708334E-4
4.145304361979167E-4
4.933675130208334E-4
6.256103515625E-4
4.221598307291667E-4
2.1107991536458334E-4
3.178914388020833E-4
4.119873046875E-4
2.8228759765625E-4
3.102620442708333E-4
1.6530354817708334E-4
3.4332275390625E-4
5.340576171875E-4
2.873738606770833E-4
3.865559895833333E-4
7.4005126953125E-4
0.0015691121419270833
0.0011494954427083333
4.9591064453125E-4
0.0011698404947916667
9.867350260416667E-4
0.0028737386067708335
0.0037027994791666665
0.01972198486328125
0.13608805338541666
0.062009175618489586
0.050229390462239586
0.035680135091145836
0.02637481689453125
0.0260009765625
0.0034027099609375
0.018887837727864582
0.009824117024739584
0.03650665283203125
0.038299560546875
0.019696553548177082
0.027186075846354168
0.06229400634765625
0.02301788330078125
0.0294952392578125
0.01528167724609375
0.032847086588541664
0.08438364664713542
0.041386922200520836
0.019299825032552082
0.031672159830729164
0.02231597900390625
0.021456400553385418
0.005376180013020833
0.005666097005208333
0.00420379638671875
0.0023218790690104165
0.0013707478841145833
3.992716471354167E-4
8.570353190104166E-4
8.290608723958334E-4
6.561279296875E-4
2.797444661458333E-4
6.230672200520834E-4
6.6375732421875E-4
5.2642822265625E-4
2.950032552083333E-4
2.644856770833333E-4
4.984537760416666E-4
6.0272216796875E-4
0.00109100341796875
6.383260091145834E-4
8.3160400390625E-4
6.7138671875E-4
6.688435872395834E-4
3.331502278645833E-4
6.968180338541666E-4
0.0010528564453125
0.0014368693033854167
0.0019632975260416665
0.0016530354817708333
0.0020268758138020835
0.0014394124348958333
0.0015589396158854167
5.645751953125E-4
0.0014699300130208333
0.00153350830078125
0.00159454345703125
5.594889322916666E-4
0.0011571248372395833
0.0012461344401041667
0.0012995402018229167
4.145304361979167E-4
0.0010528564453125
9.765625E-4
0.00124359130859375
9.892781575520833E-4
8.900960286458334E-4
0.00128936767578125
0.0014902750651041667
0.0012715657552083333
0.00125885009765625
9.765625E-4
0.0018463134765625
0.0020268758138020835
9.409586588541666E-4
0.0010859171549479167
0.0013275146484375
0.001495361328125
0.0014775594075520833
6.739298502604166E-4
0.0014928181966145833
0.0014292399088541667
0.0011138916015625
6.383260091145834E-4
0.0012842814127604167
0.0016428629557291667
0.0012842814127604167
7.731119791666666E-4
5.8746337890625E-4
9.2315673828125E-4
8.9263916015625E-4
5.467732747395834E-4
4.857381184895833E-4
3.636678059895833E-4
3.4332275390625E-4
2.0090738932291666E-4
1.2715657552083334E-4
1.2715657552083334E-4
3.5603841145833336E-5
4.3233235677083336E-5
2.7974446614583332E-5
5.086263020833333E-6
3.0517578125E-5
1.52587890625E-5
1.0172526041666666E-5
7.62939453125E-6
2.5431315104166668E-5
7.62939453125E-6
7.62939453125E-6
5.086263020833333E-6
0.0
0.0
0.0
0.0
0.0
0.0
0.0
0.0
0.0
0.0
0.0
0.0
0.0
0.0
0.0
0.0
0.0
0.0
0.0
0.0
0.0
0.0
0.0
