0.001953125
0.0
0.0
0.0
0.0
0.0
0.0
0.0
0.0
0.0
0.0
0.0
2.5431315104166665E-6
5.086263020833333E-6
4.0690104166666664E-5
4.57763671875E-5
8.392333984375E-5
1.52587890625E-4
2.543131510416667E-4
1.7038981119791666E-4
2.2379557291666666E-4
4.1961669921875E-4
6.6375732421875E-4
3.153483072916667E-4
6.1798095703125E-4
8.570353190104166E-4
0.0010630289713541667
3.255208333333333E-4
0.0013300577799479167
0.00196075439453125
5.060831705729166E-4
0.0012334187825520833
0.0014368693033854167
0.00170135498046875
9.613037109375E-4
0.0015513102213541667
0.0028406778971354165
0.0035146077473958335
0.00109100341796875
0.00275421142578125
0.0038401285807291665
0.0028711954752604165
0.0015207926432291667
0.003082275390625
0.004442850748697917
0.004168192545572917
0.0018946329752604167
0.0042572021484375
0.00551605224609375
0.004384358723958333
0.0023091634114583335
0.006609598795572917
0.008183797200520834
0.004887898763020833
0.0049591064453125
0.009877522786458334
0.011576334635416666
0.006368001302083333
0.006985982259114583
0.01446533203125
0.015126546223958334
0.008127848307291666
0.01219940185546875
0.021649678548177082
0.019373575846354168
0.008112589518229166
0.016812642415364582
0.017087300618489582
0.00757598876953125
0.005648295084635417
0.007642110188802083
0.006022135416666667
0.0019353230794270833
0.0024770100911458335
0.0040283203125
0.0034586588541666665
0.002410888671875
0.0026906331380208335
0.0035680135091145835
0.0022379557291666665
0.00238800048828125
0.0037434895833333335
0.004755655924479167
0.0032602945963541665
0.0029093424479166665
0.008756001790364584
0.01190185546875
0.0022481282552083335
0.011627197265625
0.01622772216796875
0.018178304036458332
0.00423431396484375
0.01578521728515625
0.019625345865885418
0.00963592529296875
0.011090596516927084
0.013219197591145834
0.015370686848958334
0.006932576497395833
0.019900004069010418
0.0132293701171875
0.015813191731770832
0.00615692138671875
0.013348897298177084
0.0160369873046875
0.01592254638671875
0.0066986083984375
0.0079345703125
0.012639363606770834
0.011533101399739584
0.0027923583984375
0.007990519205729166
0.009462992350260416
0.007143656412760417
0.004262288411458333
0.00604248046875
0.008550008138020834
0.006230672200520833
0.003918965657552083
0.007967631022135416
0.010470072428385416
0.007962544759114584
0.004353841145833333
0.010556538899739584
0.011967976888020834
0.006055196126302083
0.006502787272135417
0.011540730794270834
0.009991963704427084
0.005505879720052083
0.007184346516927083
0.010297139485677084
0.008394877115885416
0.00359344482421875
0.008107503255208334
0.0092926025390625
0.006413777669270833
0.0037180582682291665
0.00736236572265625
0.008158365885416666
0.005282084147135417
0.0034815470377604165
0.006848653157552083
0.00665283203125
0.00238800048828125
0.004292805989583333
0.005831400553385417
0.005526224772135417
0.0014673868815104167
0.004061381022135417
0.004453023274739583
0.0038172403971354165
0.00101470947265625
0.0030848185221354165
0.0034662882486979165
0.0026448567708333335
0.0010019938151041667
0.0031305948893229165
0.0032628377278645835
0.0021947224934895835
0.0016759236653645833
0.0031382242838541665
0.00308990478515625
0.0011850992838541667
0.0019683837890625
0.0027643839518229165
0.0024846394856770835
8.824666341145834E-4
0.0018183390299479167
0.0020624796549479165
0.001556396484375
9.053548177083334E-4
0.00147247314453125
0.0017573038736979167
0.0013275146484375
5.950927734375E-4
0.0013834635416666667
0.00151824951171875
8.748372395833334E-4
7.222493489583334E-4
0.00153350830078125
0.00165557861328125
4.730224609375E-4
9.409586588541666E-4
0.0013682047526041667
0.0010045369466145833
6.434122721354166E-4
8.188883463541666E-4
0.0011444091796875
6.815592447916666E-4
7.476806640625E-4
8.3160400390625E-4
0.0010325113932291667
6.4849853515625E-4
8.112589518229166E-4
7.298787434895834E-4
0.0011723836263020833
8.290608723958334E-4
9.5367431640625E-4
0.0010121663411458333
0.0014495849609375
7.654825846354166E-4
7.044474283854166E-4
0.0013453165690104167
0.0010655721028645833
5.925496419270834E-4
7.044474283854166E-4
9.791056315104167E-4
8.4686279296875E-4
3.814697265625E-4
6.052652994791666E-4
7.603963216145834E-4
5.035400390625E-4
2.695719401041667E-4
4.704793294270833E-4
5.620320638020834E-4
2.950032552083333E-4
3.0517578125E-4
4.170735677083333E-4
4.57763671875E-4
2.3651123046875E-4
2.568562825520833E-4
4.1961669921875E-4
3.941853841145833E-4
2.2125244140625E-4
3.865559895833333E-4
4.094441731770833E-4
5.238850911458334E-4
5.1116943359375E-4
6.256103515625E-4
5.823771158854166E-4
5.238850911458334E-4
6.510416666666666E-4
7.222493489583334E-4
8.722941080729166E-4
7.0953369140625E-4
3.814697265625E-4
1.6530354817708334E-4
9.918212890625E-5
7.883707682291667E-5
6.357828776041667E-5
6.357828776041667E-5
6.612141927083333E-5
2.7974446614583332E-5
1.2715657552083334E-5
1.52587890625E-5
2.5431315104166665E-6
0.0
0.0
0.0
0.0
5.086263020833333E-6
2.5431315104166665E-6
2.5431315104166665E-6
2.5431315104166665E-6
7.62939453125E-6
