0.0
0.0
0.0
0.0
0.0
0.0
2.5431315104166665E-6
2.5431315104166665E-6
1.2715657552083334E-5
7.62939453125E-6
7.62939453125E-6
2.0345052083333332E-5
1.7801920572916668E-5
3.3060709635416664E-5
2.5431315104166668E-5
5.0862630208333336E-5
8.392333984375E-5
9.918212890625E-5
1.0935465494791667E-4
1.373291015625E-4
1.5513102213541666E-4
1.5767415364583334E-4
2.0599365234375E-4
1.373291015625E-4
1.8564860026041666E-4
2.3651123046875E-4
2.3142496744791666E-4
3.4332275390625E-4
3.763834635416667E-4
4.831949869791667E-4
7.069905598958334E-4
0.0010528564453125
0.0010223388671875
6.256103515625E-4
0.0011138916015625
0.0011698404947916667
0.0012054443359375
0.0011494954427083333
8.85009765625E-4
9.714762369791666E-4
0.0013936360677083333
0.0016301472981770833
0.0011240641276041667
8.214314778645834E-4
9.307861328125E-4
0.00101470947265625
8.748372395833334E-4
7.502237955729166E-4
7.32421875E-4
9.765625E-4
0.0015055338541666667
0.00200653076171875
0.0019632975260416665
0.0010655721028645833
0.00202178955078125
0.0029856363932291665
0.0028279622395833335
0.002471923828125
0.0016047159830729167
0.0021311442057291665
0.0033009847005208335
0.0025533040364583335
0.001312255859375
0.00102996826171875
0.001007080078125
0.0012486775716145833
0.00128936767578125
0.0011698404947916667
6.306966145833334E-4
0.0011342366536458333
0.0025482177734375
0.0021870930989583335
0.0012054443359375
0.0023040771484375
0.0020701090494791665
0.00753021240234375
0.006749471028645833
0.0021031697591145835
0.0019861857096354165
0.0011418660481770833
0.0021006266276041665
0.00225067138671875
0.00225067138671875
0.0020726521809895835
0.00193023681640625
0.0025761922200520835
0.00310516357421875
0.0027592976888020835
0.0023345947265625
0.0020777384440104165
0.0030364990234375
0.0031534830729166665
0.00446319580078125
0.0012842814127604167
0.0026677449544270835
0.0035578409830729165
0.003814697265625
0.00370025634765625
0.0026397705078125
0.003265380859375
0.006627400716145833
0.010068257649739584
0.013707478841145834
0.016148885091145832
0.00749969482421875
0.01331329345703125
0.011365254720052084
0.014556884765625
0.013409932454427084
0.0186004638671875
0.03188323974609375
0.026265462239583332
0.025769551595052082
0.017278035481770832
0.039258321126302086
0.07680765787760417
0.041748046875
0.06301625569661458
0.018140157063802082
0.01921844482421875
0.030426025390625
0.00377655029296875
0.0031840006510416665
0.0021616617838541665
0.00682830810546875
0.014872233072916666
0.011006673177083334
0.01116943359375
0.025347391764322918
0.014996846516927084
0.025998433430989582
0.035115559895833336
0.049825032552083336
0.02620697021484375
0.09262593587239583
0.013224283854166666
9.46044921875E-4
3.153483072916667E-4
1.8056233723958334E-4
1.2969970703125E-4
2.288818359375E-4
2.2379557291666666E-4
1.7038981119791666E-4
1.5513102213541666E-4
1.9582112630208334E-4
2.848307291666667E-4
2.899169921875E-4
1.52587890625E-4
1.8310546875E-4
3.509521484375E-4
3.840128580729167E-4
3.026326497395833E-4
1.068115234375E-4
1.983642578125E-4
2.74658203125E-4
7.62939453125E-5
0.0
0.0
0.0
0.0
0.0
0.0
0.0
0.0
0.0
0.0
0.0
0.0
0.0
0.0
0.0
0.0
0.0
0.0
0.0
0.0
0.0
0.0
0.0
0.0
0.0
0.0
0.0
0.0
0.0
0.0
0.0
0.0
0.0
0.0
0.0
0.0
0.0
0.0
0.0
0.0
0.0
0.0
0.0
0.0
0.0
0.0
0.0
0.0
0.0
0.0
0.0
0.0
0.0
0.0
0.0
0.0
0.0
0.0
0.0
0.0
0.0
0.0
0.0
0.0
0.0
0.0
0.0
0.0
0.0
0.0
0.0
0.0
0.0
0.0
0.0
0.0
0.0
0.0
0.0
0.0
0.0
0.0
0.0
0.0
0.0
0.0
0.0
0.0
0.0
0.0
0.0
0.0
0.0
0.0
0.0
0.0
0.0
0.0
0.0
0.0
