0.0
0.0
0.0
0.0
0.0
0.0
0.0
0.0
0.0
0.0
0.0
0.0
0.0
0.0
0.0
0.0
0.0
0.0
0.0
0.0
0.0
0.0
0.0
0.0
0.0
0.0
0.0
0.0
0.0
0.0
0.0
0.0
0.0
0.0
0.0
0.0
0.0
0.0
0.0
0.0
0.0
0.0
0.0
0.0
0.0
0.0
0.0
0.0
0.0
0.0
0.0
0.0
0.0
0.0
0.0
0.0
0.0
0.0
0.0
0.0
0.0
0.0
0.0
0.0
0.0
0.0
0.0
0.0
0.0
0.0
0.0
0.0
0.0
0.0
0.0
0.0
0.0
0.0
0.0
0.0
0.0
0.0
0.0
0.0
0.0
0.0
0.0
0.0
0.0
0.0
0.0
0.0
0.0
0.0
0.0
0.0
0.0
0.0
0.0
0.0
0.0
0.0
0.0
0.0
0.0
0.0
0.0
0.0
0.0
0.0
0.0
0.0
0.0
0.0
0.0
0.0
0.0
0.0
0.0
0.0
0.0
0.0
0.0
0.0
0.0
0.0
0.0
0.0
0.0
0.0
0.0
0.0
0.0
0.0
0.0
0.0
0.0
0.0
0.0
0.0
0.0
0.0
0.0
0.0
0.0
0.0
0.0
0.0
0.0
0.0
0.0
0.0
0.0
0.0
0.0
0.0
0.0
0.0
0.0
0.0
0.0
0.0
0.0
0.0
0.0
0.0
0.0
0.0
0.0
0.0
0.0
0.0
0.0
0.0
0.0
0.0
0.0
0.0
0.0
0.0
0.0
0.0
0.0
0.0
0.0
0.0
0.0
0.0
4.3402777777777775E-4
4.3402777777777775E-4
4.3402777777777775E-4
0.0013020833333333333
8.680555555555555E-4
8.680555555555555E-4
4.3402777777777775E-4
0.001736111111111111
4.3402777777777775E-4
0.0013020833333333333
4.3402777777777775E-4
4.3402777777777775E-4
0.0
0.0
0.0
0.0
4.3402777777777775E-4
0.0
0.0
0.0
0.0
4.3402777777777775E-4
0.0
0.0
0.0
0.0
4.3402777777777775E-4
0.0
0.0
0.0
0.0
0.0
0.0
0.0
0.0
4.3402777777777775E-4
0.0
8.680555555555555E-4
0.0
0.0
4.3402777777777775E-4
0.0
0.0
0.0
4.3402777777777775E-4
0.002170138888888889
0.0030381944444444445
0.004340277777777778
8.680555555555555E-4
4.3402777777777775E-4
0.001736111111111111
0.006510416666666667
0.0030381944444444445
0.013888888888888888
0.012152777777777778
0.011284722222222222
0.012152777777777778
0.007378472222222222
0.008246527777777778
0.005642361111111111
0.00390625
0.006076388888888889
0.051215277777777776
0.020833333333333332
0.05642361111111111
0.009114583333333334
0.0546875
0.06336805555555555
0.08072916666666667
0.3016493055555556
0.035590277777777776
0.011284722222222222
0.011284722222222222
0.019097222222222224
0.025607638888888888
0.022135416666666668
0.022569444444444444
0.009114583333333334
0.004774305555555556
0.002170138888888889
0.001736111111111111
4.3402777777777775E-4
0.0013020833333333333
0.0013020833333333333
4.3402777777777775E-4
8.680555555555555E-4
0.0013020833333333333
0.001736111111111111
0.0
8.680555555555555E-4
4.3402777777777775E-4
4.3402777777777775E-4
8.680555555555555E-4
0.002170138888888889
4.3402777777777775E-4
0.0013020833333333333
4.3402777777777775E-4
0.001736111111111111
4.3402777777777775E-4
0.0
0.0
0.0
4.3402777777777775E-4
8.680555555555555E-4
0.0013020833333333333
4.3402777777777775E-4
0.0
8.680555555555555E-4
8.680555555555555E-4
8.680555555555555E-4
4.3402777777777775E-4
0.0
4.3402777777777775E-4
0.0013020833333333333
8.680555555555555E-4
0.0
4.3402777777777775E-4
0.0
0.0013020833333333333
0.0
0.0
0.0
4.3402777777777775E-4
0.0013020833333333333
0.0
8.680555555555555E-4
4.3402777777777775E-4
4.3402777777777775E-4
4.3402777777777775E-4
0.0
4.3402777777777775E-4
0.0
0.0013020833333333333
0.001736111111111111
0.0030381944444444445
0.004340277777777778
0.0026041666666666665
0.001736111111111111
0.001736111111111111
8.680555555555555E-4
0.001736111111111111
0.0013020833333333333
0.002170138888888889
0.0013020833333333333
4.3402777777777775E-4
0.0013020833333333333
0.001736111111111111
8.680555555555555E-4
0.002170138888888889
4.3402777777777775E-4
0.0
8.680555555555555E-4
0.0013020833333333333
8.680555555555555E-4
0.0
8.680555555555555E-4
0.0026041666666666665
4.3402777777777775E-4
0.002170138888888889
0.0
0.0
4.3402777777777775E-4
4.3402777777777775E-4
4.3402777777777775E-4
0.0
0.002170138888888889
8.680555555555555E-4
0.0
0.0013020833333333333
8.680555555555555E-4
0.002170138888888889
0.0
4.3402777777777775E-4
4.3402777777777775E-4
0.0
0.0
0.0
0.0
0.0
0.0
0.0
0.0
0.0
0.0
4.3402777777777775E-4
0.0
0.0
0.0
0.0
0.0
0.0
0.0
0.0
0.0
0.0
0.0
0.0
0.0
0.0
0.0
0.0
0.0
0.0
0.0
0.0
0.0
0.0
0.0
0.0
0.0
0.0
0.0
0.0
0.0
0.0
0.0
0.0
0.0
0.0
0.0
0.0
0.0
0.0
0.0
0.0
0.0
0.0
0.0
0.0
0.0
0.0
0.0
0.0
0.0
0.0
0.0
0.0
0.0
0.0
0.0
0.0
0.0
0.0
0.0
0.0
0.0
0.0
0.0
0.0
0.0
0.0
0.0
0.0
0.0
0.0
0.0
0.0
0.0
0.0
0.0
0.0
0.0
0.0
0.0
0.0
0.0
0.0
0.0
0.0
0.0
0.0
0.0
0.0
0.0
0.0
0.0
0.0
0.0
0.0
0.0
0.0
0.0
0.0
0.0
0.0
0.0
0.0
0.0
0.0
0.0
0.0
0.0
0.0
0.0
0.0
0.0
0.0
0.0
0.0
0.0
0.0
0.0
0.0
0.0
0.0
0.0
0.0
0.0
0.0
0.0
0.0
0.0
0.0
0.0
0.0
0.0
0.0
0.0
0.0
0.0
0.0
0.0
0.0
0.0
