0.0
0.0
0.0
0.0
0.0
0.0
0.0
0.0
0.0
0.0
0.0
0.0
0.0
0.0
0.0
0.0
0.0
0.0
0.0
0.0
0.0
0.0
0.0
0.0
0.0
0.0
0.0
0.0
0.0
0.0
0.0
0.0
0.0
0.0
0.0
0.0
0.0
0.0
0.0
0.0
0.0
0.0
0.0
0.0
0.0
0.0
0.0
0.0
0.0
0.0
0.0
0.0
0.0
0.0
0.0
0.0
0.0
0.0
0.0
0.0
0.0
0.0
0.0
0.0
0.0
0.0
0.0
0.0
0.0
0.0
0.0
0.0
0.0
0.0
0.0
0.0
0.0
0.0
0.0
0.0
0.0
0.0
0.0
0.0
0.0
0.0
0.0
0.0
0.0
0.0
0.0
0.0
0.0
0.0
0.0
0.0
0.0
0.0
0.0
0.0
0.0
0.0
0.0
0.0
0.0
0.0
0.0
0.0
0.0
0.0
0.0
0.0
0.0
0.0
0.0
0.0
0.0
0.0
0.0
0.0
0.0
0.0
0.0
0.0
0.0
0.0
0.0
0.0
0.0
0.0
0.0
0.0
0.0
0.0
0.0
0.0
0.0
0.0
0.0
0.0
0.0
0.0
0.0
0.0
0.0
0.0
0.0
0.0
0.0
0.0
0.0
0.0
0.0
0.0
0.0
0.0
0.0
0.0
0.0
0.0
0.0
0.0
0.0
0.0
0.0
0.0
0.0
0.0
0.0
0.0
0.0
0.0
0.0
0.0
0.0
0.0
0.0
0.0
0.0
0.0
0.0
0.0
0.0
0.0
0.0
0.0
0.0
0.0
0.0
0.0
0.0
0.0
0.0
0.0
0.0
0.0
0.0
0.0
0.0
0.0
0.0
0.0
0.0
4.3402777777777775E-4
0.0
0.0
0.0
0.0
4.3402777777777775E-4
4.3402777777777775E-4
4.3402777777777775E-4
0.0
0.0013020833333333333
4.3402777777777775E-4
0.0
8.680555555555555E-4
0.001736111111111111
0.0013020833333333333
8.680555555555555E-4
0.0
0.0013020833333333333
0.0
0.0
4.3402777777777775E-4
4.3402777777777775E-4
0.0
0.0
0.0
4.3402777777777775E-4
0.0
0.0
8.680555555555555E-4
0.0
0.0
0.0
0.0
4.3402777777777775E-4
4.3402777777777775E-4
0.0030381944444444445
0.00390625
0.003472222222222222
0.003472222222222222
0.006944444444444444
0.012152777777777778
0.015190972222222222
0.013454861111111112
0.008246527777777778
0.005642361111111111
0.006944444444444444
0.010850694444444444
0.025173611111111112
0.024305555555555556
0.013454861111111112
0.01953125
0.053385416666666664
0.3598090277777778
0.1362847222222222
0.052083333333333336
0.028645833333333332
0.017795138888888888
0.014322916666666666
0.0078125
0.013020833333333334
0.017795138888888888
0.010850694444444444
0.009982638888888888
0.008246527777777778
0.005208333333333333
4.3402777777777775E-4
8.680555555555555E-4
4.3402777777777775E-4
0.002170138888888889
4.3402777777777775E-4
8.680555555555555E-4
0.0026041666666666665
8.680555555555555E-4
4.3402777777777775E-4
0.0013020833333333333
4.3402777777777775E-4
0.0013020833333333333
0.0
4.3402777777777775E-4
8.680555555555555E-4
8.680555555555555E-4
4.3402777777777775E-4
0.0013020833333333333
0.0013020833333333333
0.0
8.680555555555555E-4
0.0
8.680555555555555E-4
8.680555555555555E-4
4.3402777777777775E-4
4.3402777777777775E-4
4.3402777777777775E-4
4.3402777777777775E-4
4.3402777777777775E-4
4.3402777777777775E-4
0.0013020833333333333
0.0
0.0013020833333333333
4.3402777777777775E-4
8.680555555555555E-4
4.3402777777777775E-4
4.3402777777777775E-4
0.0026041666666666665
0.004774305555555556
0.001736111111111111
0.0030381944444444445
0.001736111111111111
0.003472222222222222
0.001736111111111111
0.001736111111111111
0.001736111111111111
0.002170138888888889
0.001736111111111111
0.002170138888888889
0.002170138888888889
8.680555555555555E-4
8.680555555555555E-4
8.680555555555555E-4
8.680555555555555E-4
0.002170138888888889
8.680555555555555E-4
0.0013020833333333333
4.3402777777777775E-4
0.0
0.0013020833333333333
0.0013020833333333333
0.002170138888888889
8.680555555555555E-4
4.3402777777777775E-4
8.680555555555555E-4
0.0013020833333333333
0.0
4.3402777777777775E-4
0.0
8.680555555555555E-4
0.0
0.0
0.0
0.0
0.0
0.0
0.0
0.0
4.3402777777777775E-4
0.0
0.0
0.0
0.0
0.0
0.0
0.0
0.0
0.0
0.0
0.0
0.0
0.0
0.0
0.0
0.0
0.0
0.0
0.0
0.0
0.0
0.0
0.0
0.0
0.0
0.0
0.0
0.0
0.0
0.0
0.0
0.0
0.0
0.0
0.0
0.0
0.0
0.0
0.0
0.0
0.0
0.0
0.0
0.0
0.0
0.0
0.0
0.0
0.0
0.0
0.0
0.0
0.0
0.0
0.0
0.0
0.0
0.0
0.0
0.0
0.0
0.0
0.0
0.0
0.0
0.0
0.0
0.0
0.0
0.0
0.0
0.0
0.0
0.0
0.0
0.0
0.0
0.0
0.0
0.0
0.0
0.0
0.0
0.0
0.0
0.0
0.0
0.0
0.0
0.0
0.0
0.0
0.0
0.0
0.0
0.0
0.0
0.0
0.0
0.0
0.0
0.0
0.0
0.0
0.0
0.0
0.0
0.0
0.0
0.0
0.0
0.0
0.0
0.0
0.0
0.0
0.0
0.0
0.0
0.0
0.0
0.0
0.0
0.0
0.0
0.0
0.0
0.0
0.0
0.0
0.0
0.0
0.0
0.0
0.0
0.0
0.0
0.0
0.0
0.0
0.0
0.0
0.0
0.0
0.0
0.0
0.0
0.0
0.0
0.0
0.0
0.0
0.0
0.0
0.0
0.0
0.0
0.0
0.0
0.0
0.0
0.0
0.0
0.0
0.0
