0.0
0.0
0.0
0.0
0.0
0.0
0.0
0.0
0.0
0.0
0.0
0.0
0.0
0.0
0.0
0.0
0.0
0.0
0.0
0.0
0.0
0.0
0.0
0.0
0.0
0.0
0.0
0.0
0.0
0.0
0.0
0.0
0.0
0.0
0.0
0.0
0.0
0.0
0.0
0.0
0.0
0.0
0.0
0.0
0.0
0.0
0.0
0.0
0.0
0.0
0.0
0.0
0.0
0.0
0.0
0.0
0.0
0.0
0.0
0.0
0.0
0.0
0.0
0.0
0.0
0.0
0.0
0.0
0.0
0.0
0.0
0.0
0.0
0.0
0.0
0.0
0.0
0.0
0.0
0.0
0.0
0.0
0.0
0.0
0.0
0.0
0.0
0.0
0.0
0.0
0.0
0.0
0.0
0.0
0.0
0.0
0.0
0.0
0.0
0.0
0.0
0.0
0.0
0.0
0.0
0.0
0.0
0.0
0.0
0.0
0.0
0.0
0.0
0.0
0.0
0.0
0.0
0.0
0.0
0.0
0.0
0.0
0.0
0.0
0.0
0.0
0.0
0.0
0.0
0.0
0.0
0.0
0.0
0.0
0.0
0.0
0.0
0.0
0.0
0.0
0.0
0.0
0.0
0.0
0.0
0.0
0.0
0.0
0.0
0.0
0.0
0.0
0.0
0.0
0.0
0.0
0.0
0.0
0.0
0.0
0.0
0.0
0.0
0.0
0.0
0.0
0.0
0.0
0.0
0.0
0.0
0.0
0.0
0.0
0.0
0.0
0.0
0.0
0.0
0.0
0.0
0.0
0.0
0.0
0.0
0.0
0.0
0.0
0.0
0.0
0.0
0.0
0.0
0.0
0.0
0.0
0.0
0.0
0.0
0.0
0.0
0.0
0.0
0.0
0.0
0.0
0.0
0.0
4.3402777777777775E-4
0.0
4.3402777777777775E-4
0.0
0.0
8.680555555555555E-4
8.680555555555555E-4
0.0
0.0
0.0030381944444444445
0.0013020833333333333
0.0013020833333333333
4.3402777777777775E-4
0.0
4.3402777777777775E-4
8.680555555555555E-4
0.0
4.3402777777777775E-4
0.0
0.0
4.3402777777777775E-4
0.0
0.0
4.3402777777777775E-4
0.0
4.3402777777777775E-4
0.0
0.0
0.002170138888888889
0.0013020833333333333
0.00390625
0.003472222222222222
0.004340277777777778
0.013020833333333334
0.008680555555555556
0.020833333333333332
0.01171875
0.007378472222222222
0.008246527777777778
0.004340277777777778
0.014756944444444444
0.024305555555555556
0.022135416666666668
0.016059027777777776
0.06640625
0.07508680555555555
0.2530381944444444
0.2109375
0.03819444444444445
0.018663194444444444
0.009114583333333334
0.01171875
0.004774305555555556
0.014756944444444444
0.005642361111111111
0.020833333333333332
0.009548611111111112
0.006076388888888889
0.001736111111111111
4.3402777777777775E-4
0.0
0.0026041666666666665
0.0
0.0026041666666666665
4.3402777777777775E-4
0.0013020833333333333
8.680555555555555E-4
8.680555555555555E-4
0.0
8.680555555555555E-4
4.3402777777777775E-4
4.3402777777777775E-4
0.001736111111111111
4.3402777777777775E-4
4.3402777777777775E-4
4.3402777777777775E-4
0.0013020833333333333
4.3402777777777775E-4
8.680555555555555E-4
4.3402777777777775E-4
0.0013020833333333333
0.0
4.3402777777777775E-4
4.3402777777777775E-4
4.3402777777777775E-4
4.3402777777777775E-4
8.680555555555555E-4
0.0
0.0013020833333333333
0.0013020833333333333
8.680555555555555E-4
0.0
0.0
8.680555555555555E-4
0.0013020833333333333
0.0013020833333333333
0.002170138888888889
0.004774305555555556
0.0026041666666666665
0.0030381944444444445
0.004774305555555556
0.0013020833333333333
4.3402777777777775E-4
0.001736111111111111
0.002170138888888889
0.001736111111111111
0.001736111111111111
0.0013020833333333333
0.002170138888888889
8.680555555555555E-4
8.680555555555555E-4
0.0013020833333333333
8.680555555555555E-4
0.002170138888888889
0.0
8.680555555555555E-4
4.3402777777777775E-4
0.0013020833333333333
0.001736111111111111
0.002170138888888889
0.0
4.3402777777777775E-4
8.680555555555555E-4
0.001736111111111111
4.3402777777777775E-4
4.3402777777777775E-4
4.3402777777777775E-4
0.0
0.0
0.0
0.0
0.0
0.0
0.0
4.3402777777777775E-4
0.0
0.0
0.0
0.0
0.0
0.0
0.0
0.0
0.0
0.0
0.0
0.0
0.0
0.0
0.0
0.0
0.0
0.0
0.0
0.0
0.0
0.0
0.0
0.0
0.0
0.0
0.0
0.0
0.0
0.0
0.0
0.0
0.0
0.0
0.0
0.0
0.0
0.0
0.0
0.0
0.0
0.0
0.0
0.0
0.0
0.0
0.0
0.0
0.0
0.0
0.0
0.0
0.0
0.0
0.0
0.0
0.0
0.0
0.0
0.0
0.0
0.0
0.0
0.0
0.0
0.0
0.0
0.0
0.0
0.0
0.0
0.0
0.0
0.0
0.0
0.0
0.0
0.0
0.0
0.0
0.0
0.0
0.0
0.0
0.0
0.0
0.0
0.0
0.0
0.0
0.0
0.0
0.0
0.0
0.0
0.0
0.0
0.0
0.0
0.0
0.0
0.0
0.0
0.0
0.0
0.0
0.0
0.0
0.0
0.0
0.0
0.0
0.0
0.0
0.0
0.0
0.0
0.0
0.0
0.0
0.0
0.0
0.0
0.0
0.0
0.0
0.0
0.0
0.0
0.0
0.0
0.0
0.0
0.0
0.0
0.0
0.0
0.0
0.0
0.0
0.0
0.0
0.0
0.0
0.0
0.0
0.0
0.0
0.0
0.0
0.0
0.0
0.0
0.0
0.0
0.0
0.0
0.0
0.0
0.0
0.0
0.0
0.0
0.0
0.0
0.0
0.0
0.0
0.0
