0.0
0.0
0.0
0.0
0.0
0.0
0.0
0.0
0.0
0.0
0.0
0.0
0.0
0.0
0.0
0.0
0.0
0.0
0.0
0.0
0.0
0.0
0.0
0.0
0.0
0.0
0.0
0.0
0.0
0.0
0.0
0.0
0.0
0.0
0.0
0.0
0.0
0.0
0.0
0.0
0.0
0.0
0.0
0.0
0.0
0.0
0.0
0.0
0.0
0.0
0.0
0.0
0.0
0.0
0.0
0.0
0.0
0.0
0.0
0.0
0.0
0.0
0.0
0.0
0.0
0.0
0.0
0.0
0.0
0.0
0.0
0.0
0.0
0.0
0.0
0.0
0.0
0.0
0.0
0.0
0.0
0.0
0.0
0.0
0.0
0.0
0.0
0.0
0.0
0.0
0.0
0.0
0.0
0.0
0.0
0.0
0.0
0.0
0.0
0.0
0.0
0.0
0.0
0.0
0.0
0.0
0.0
0.0
0.0
0.0
0.0
0.0
0.0
0.0
0.0
0.0
0.0
0.0
0.0
0.0
0.0
0.0
0.0
0.0
0.0
0.0
0.0
0.0
0.0
0.0
0.0
0.0
0.0
0.0
0.0
0.0
0.0
0.0
0.0
0.0
0.0
0.0
0.0
0.0
0.0
0.0
0.0
0.0
0.0
0.0
0.0
0.0
0.0
0.0
0.0
0.0
0.0
0.0
0.0
0.0
0.0
0.0
0.0
0.0
0.0
0.0
0.0
0.0
0.0
0.0
0.0
0.0
0.0
0.0
0.0
0.0
0.0
0.0
0.0
0.0
0.0
0.0
0.0
0.0
0.0
0.0
0.0
0.0
0.0
0.0
0.0
0.0
4.3402777777777775E-4
4.3402777777777775E-4
0.0
8.680555555555555E-4
4.3402777777777775E-4
8.680555555555555E-4
8.680555555555555E-4
0.0026041666666666665
4.3402777777777775E-4
0.0013020833333333333
4.3402777777777775E-4
8.680555555555555E-4
0.0
0.0
0.0
0.0
0.0
4.3402777777777775E-4
0.0
0.0
0.0
0.0
0.0
0.0
0.0
0.0
4.3402777777777775E-4
0.0
0.0
0.0
0.0
4.3402777777777775E-4
0.0
4.3402777777777775E-4
0.0
0.0030381944444444445
0.0
0.005208333333333333
0.002170138888888889
0.0
0.0013020833333333333
0.00390625
0.013888888888888888
0.004340277777777778
0.013888888888888888
0.014756944444444444
0.005642361111111111
0.005208333333333333
0.005208333333333333
0.006076388888888889
0.0013020833333333333
0.003472222222222222
0.006510416666666667
0.018663194444444444
0.016493055555555556
0.017361111111111112
0.00390625
0.015625
0.06293402777777778
0.019097222222222224
0.05251736111111111
0.2552083333333333
0.05642361111111111
0.1675347222222222
0.032552083333333336
0.012152777777777778
0.007378472222222222
0.005642361111111111
0.005642361111111111
0.006510416666666667
0.00390625
0.001736111111111111
0.010850694444444444
0.004340277777777778
0.020399305555555556
0.005642361111111111
0.009548611111111112
0.0013020833333333333
0.003472222222222222
4.3402777777777775E-4
0.0
0.001736111111111111
4.3402777777777775E-4
4.3402777777777775E-4
8.680555555555555E-4
0.001736111111111111
0.0
8.680555555555555E-4
8.680555555555555E-4
8.680555555555555E-4
4.3402777777777775E-4
0.0013020833333333333
0.0
0.0
4.3402777777777775E-4
0.0
4.3402777777777775E-4
4.3402777777777775E-4
0.0
0.0013020833333333333
0.0013020833333333333
0.0
0.0
4.3402777777777775E-4
4.3402777777777775E-4
4.3402777777777775E-4
0.0
4.3402777777777775E-4
4.3402777777777775E-4
0.0013020833333333333
8.680555555555555E-4
0.0
4.3402777777777775E-4
0.0
8.680555555555555E-4
0.0
0.0
0.0013020833333333333
4.3402777777777775E-4
0.0
4.3402777777777775E-4
0.001736111111111111
0.0
0.0
4.3402777777777775E-4
0.0013020833333333333
4.3402777777777775E-4
0.0
0.0
0.0
0.0
0.0
0.0
8.680555555555555E-4
0.0
0.0030381944444444445
8.680555555555555E-4
0.004774305555555556
0.0013020833333333333
0.0030381944444444445
8.680555555555555E-4
0.003472222222222222
8.680555555555555E-4
0.0013020833333333333
0.002170138888888889
4.3402777777777775E-4
8.680555555555555E-4
8.680555555555555E-4
8.680555555555555E-4
4.3402777777777775E-4
8.680555555555555E-4
0.0026041666666666665
0.0013020833333333333
8.680555555555555E-4
8.680555555555555E-4
8.680555555555555E-4
0.0
4.3402777777777775E-4
0.0013020833333333333
4.3402777777777775E-4
0.0
0.0030381944444444445
8.680555555555555E-4
8.680555555555555E-4
0.0
4.3402777777777775E-4
4.3402777777777775E-4
0.0
8.680555555555555E-4
8.680555555555555E-4
0.0013020833333333333
4.3402777777777775E-4
0.0
0.0013020833333333333
8.680555555555555E-4
4.3402777777777775E-4
0.0
0.001736111111111111
8.680555555555555E-4
0.0
0.0
0.0
0.0
0.0
0.0
0.0
0.0
0.0
0.0
4.3402777777777775E-4
0.0
0.0
0.0
0.0
0.0
0.0
0.0
0.0
0.0
0.0
0.0
0.0
0.0
0.0
0.0
0.0
0.0
0.0
0.0
0.0
0.0
0.0
0.0
0.0
0.0
0.0
0.0
0.0
0.0
0.0
0.0
0.0
0.0
0.0
0.0
0.0
0.0
0.0
0.0
0.0
0.0
0.0
0.0
0.0
0.0
0.0
0.0
0.0
0.0
0.0
0.0
0.0
0.0
0.0
0.0
0.0
0.0
0.0
0.0
0.0
0.0
0.0
0.0
0.0
0.0
0.0
0.0
0.0
0.0
0.0
0.0
0.0
0.0
0.0
0.0
0.0
0.0
0.0
0.0
0.0
0.0
0.0
0.0
0.0
0.0
0.0
0.0
0.0
0.0
0.0
0.0
0.0
0.0
0.0
0.0
0.0
0.0
0.0
0.0
0.0
0.0
0.0
0.0
0.0
0.0
0.0
0.0
0.0
0.0
0.0
0.0
0.0
0.0
0.0
0.0
0.0
0.0
0.0
0.0
0.0
0.0
0.0
0.0
0.0
0.0
0.0
0.0
0.0
0.0
0.0
