0.0
0.0
0.0
0.0
0.0
0.0
0.0
0.0
0.0
0.0
0.0
0.0
0.0
0.0
0.0
0.0
0.0
0.0
0.0
0.0
0.0
0.0
0.0
0.0
0.0
0.0
0.0
0.0
0.0
0.0
0.0
0.0
0.0
0.0
0.0
0.0
0.0
0.0
0.0
0.0
0.0
0.0
0.0
0.0
0.0
0.0
0.0
0.0
0.0
0.0
0.0
0.0
0.0
0.0
0.0
0.0
0.0
0.0
0.0
0.0
0.0
0.0
0.0
0.0
0.0
0.0
0.0
0.0
0.0
0.0
0.0
0.0
0.0
0.0
0.0
0.0
0.0
0.0
0.0
0.0
0.0
0.0
0.0
0.0
0.0
0.0
0.0
0.0
0.0
0.0
0.0
0.0
0.0
0.0
0.0
0.0
0.0
0.0
0.0
0.0
0.0
0.0
0.0
0.0
0.0
0.0
0.0
0.0
0.0
0.0
0.0
0.0
0.0
0.0
0.0
0.0
0.0
0.0
0.0
0.0
0.0
0.0
0.0
0.0
0.0
0.0
0.0
0.0
0.0
0.0
0.0
0.0
0.0
0.0
0.0
0.0
0.0
0.0
0.0
0.0
0.0
0.0
0.0
0.0
0.0
0.0
0.0
0.0
0.0
0.0
0.0
0.0
0.0
0.0
0.0
0.0
0.0
0.0
0.0
0.0
0.0
0.0
0.0
0.0
0.0
0.0
0.0
0.0
0.0
0.0
0.0
0.0
0.0
0.0
0.0
0.0
0.0
0.0
0.0
0.0
0.0
0.0
0.0
0.0
0.0
0.0
0.0
0.0
0.0
0.0
0.0
0.0
0.0
0.0
0.0
0.0
0.0
0.0
0.0
0.0
0.0
0.0
0.0
4.3402777777777775E-4
0.0
0.0
0.0
8.680555555555555E-4
4.3402777777777775E-4
0.0
0.0
0.0
0.001736111111111111
8.680555555555555E-4
0.0
0.0013020833333333333
0.002170138888888889
0.0013020833333333333
0.0
0.0
4.3402777777777775E-4
4.3402777777777775E-4
0.0
0.0
0.0
0.0
4.3402777777777775E-4
0.0
0.0
8.680555555555555E-4
4.3402777777777775E-4
0.0
0.0
0.0
0.0
0.0
0.0
4.3402777777777775E-4
0.0
8.680555555555555E-4
0.0013020833333333333
0.004340277777777778
0.0030381944444444445
0.0030381944444444445
0.004774305555555556
0.006076388888888889
0.013454861111111112
0.022569444444444444
0.013454861111111112
0.012152777777777778
0.009548611111111112
0.012152777777777778
0.05946180555555555
0.06293402777777778
0.024305555555555556
0.09852430555555555
0.08506944444444445
0.3255208333333333
0.028211805555555556
0.027777777777777776
0.025173611111111112
0.03298611111111111
0.018663194444444444
0.007378472222222222
0.0026041666666666665
0.002170138888888889
0.0026041666666666665
0.0013020833333333333
8.680555555555555E-4
8.680555555555555E-4
4.3402777777777775E-4
0.0013020833333333333
0.002170138888888889
0.002170138888888889
0.0013020833333333333
0.0013020833333333333
4.3402777777777775E-4
0.0013020833333333333
0.0
8.680555555555555E-4
0.001736111111111111
0.0013020833333333333
0.0
4.3402777777777775E-4
4.3402777777777775E-4
0.0013020833333333333
4.3402777777777775E-4
8.680555555555555E-4
4.3402777777777775E-4
8.680555555555555E-4
0.0
0.0013020833333333333
4.3402777777777775E-4
0.0
8.680555555555555E-4
0.0013020833333333333
0.0013020833333333333
8.680555555555555E-4
4.3402777777777775E-4
0.0026041666666666665
0.00390625
0.00390625
0.0030381944444444445
0.0026041666666666665
0.0026041666666666665
0.0013020833333333333
0.0030381944444444445
0.002170138888888889
0.0013020833333333333
0.001736111111111111
0.001736111111111111
4.3402777777777775E-4
0.002170138888888889
0.0013020833333333333
0.0013020833333333333
0.001736111111111111
8.680555555555555E-4
8.680555555555555E-4
4.3402777777777775E-4
8.680555555555555E-4
0.0013020833333333333
0.0013020833333333333
0.0013020833333333333
0.0013020833333333333
0.001736111111111111
4.3402777777777775E-4
8.680555555555555E-4
0.0
4.3402777777777775E-4
0.0
0.0
0.0
0.0
0.0
0.0
0.0
4.3402777777777775E-4
0.0
0.0
0.0
0.0
0.0
0.0
0.0
0.0
0.0
0.0
0.0
0.0
0.0
0.0
0.0
0.0
0.0
0.0
0.0
0.0
0.0
0.0
0.0
0.0
0.0
0.0
0.0
0.0
0.0
0.0
0.0
0.0
0.0
0.0
0.0
0.0
0.0
0.0
0.0
0.0
0.0
0.0
0.0
0.0
0.0
0.0
0.0
0.0
0.0
0.0
0.0
0.0
0.0
0.0
0.0
0.0
0.0
0.0
0.0
0.0
0.0
0.0
0.0
0.0
0.0
0.0
0.0
0.0
0.0
0.0
0.0
0.0
0.0
0.0
0.0
0.0
0.0
0.0
0.0
0.0
0.0
0.0
0.0
0.0
0.0
0.0
0.0
0.0
0.0
0.0
0.0
0.0
0.0
0.0
0.0
0.0
0.0
0.0
0.0
0.0
0.0
0.0
0.0
0.0
0.0
0.0
0.0
0.0
0.0
0.0
0.0
0.0
0.0
0.0
0.0
0.0
0.0
0.0
0.0
0.0
0.0
0.0
0.0
0.0
0.0
0.0
0.0
0.0
0.0
0.0
0.0
0.0
0.0
0.0
0.0
0.0
0.0
0.0
0.0
0.0
0.0
0.0
0.0
0.0
0.0
0.0
0.0
0.0
0.0
0.0
0.0
0.0
0.0
0.0
0.0
0.0
0.0
0.0
0.0
0.0
0.0
0.0
0.0
0.0
0.0
0.0
0.0
0.0
0.0
0.0
0.0
0.0
0.0
0.0
0.0
