0.0
0.0
0.0
0.0
0.0
0.0
0.0
0.0
0.0
0.0
0.0
0.0
0.0
0.0
0.0
0.0
0.0
0.0
0.0
0.0
0.0
0.0
0.0
0.0
0.0
0.0
0.0
0.0
0.0
0.0
0.0
0.0
0.0
0.0
0.0
0.0
0.0
0.0
0.0
0.0
0.0
0.0
0.0
0.0
0.0
0.0
0.0
0.0
0.0
0.0
0.0
0.0
0.0
0.0
0.0
0.0
0.0
0.0
0.0
0.0
0.0
0.0
0.0
0.0
0.0
0.0
0.0
0.0
0.0
0.0
0.0
0.0
0.0
0.0
0.0
0.0
0.0
0.0
0.0
0.0
0.0
0.0
0.0
0.0
0.0
0.0
0.0
0.0
0.0
0.0
0.0
0.0
0.0
0.0
0.0
0.0
0.0
0.0
0.0
0.0
0.0
0.0
0.0
0.0
0.0
0.0
0.0
0.0
0.0
0.0
0.0
0.0
0.0
0.0
0.0
0.0
0.0
0.0
0.0
0.0
0.0
0.0
0.0
0.0
0.0
0.0
0.0
0.0
0.0
0.0
0.0
0.0
0.0
0.0
0.0
0.0
0.0
0.0
0.0
0.0
0.0
0.0
0.0
0.0
0.0
0.0
0.0
0.0
0.0
0.0
0.0
0.0
0.0
0.0
0.0
0.0
0.0
0.0
0.0
0.0
0.0
0.0
0.0
0.0
0.0
0.0
0.0
0.0
0.0
0.0
0.0
0.0
0.0
0.0
0.0
0.0
0.0
0.0
0.0
0.0
0.0
0.0
0.0
0.0
0.0
0.0
0.0
0.0
0.0
8.680555555555555E-4
4.3402777777777775E-4
4.3402777777777775E-4
4.3402777777777775E-4
4.3402777777777775E-4
8.680555555555555E-4
8.680555555555555E-4
0.001736111111111111
8.680555555555555E-4
4.3402777777777775E-4
0.0013020833333333333
4.3402777777777775E-4
0.0
0.0
4.3402777777777775E-4
0.0
0.0
0.0
0.0
4.3402777777777775E-4
0.0
0.0
0.0
0.0
0.0
0.0
0.0
4.3402777777777775E-4
0.0
0.0
0.0
0.0
0.0
0.0
4.3402777777777775E-4
0.0
0.0
0.0
4.3402777777777775E-4
0.0
0.0026041666666666665
0.0030381944444444445
0.0026041666666666665
8.680555555555555E-4
0.002170138888888889
0.0026041666666666665
0.0030381944444444445
0.012152777777777778
0.008680555555555556
0.008680555555555556
0.012586805555555556
0.008246527777777778
0.0026041666666666665
0.003472222222222222
0.0030381944444444445
0.005208333333333333
0.005208333333333333
0.006944444444444444
0.019097222222222224
0.0234375
0.011284722222222222
0.006510416666666667
0.010416666666666666
0.010850694444444444
0.03689236111111111
0.11197916666666667
0.2834201388888889
0.11458333333333333
0.03125
0.03428819444444445
0.014322916666666666
0.015190972222222222
0.017361111111111112
0.0078125
0.00390625
0.002170138888888889
0.009982638888888888
0.015190972222222222
0.007378472222222222
0.008246527777777778
0.005642361111111111
0.007378472222222222
0.004774305555555556
0.0030381944444444445
0.001736111111111111
0.0013020833333333333
0.0
0.002170138888888889
0.0
4.3402777777777775E-4
0.0
4.3402777777777775E-4
0.0013020833333333333
8.680555555555555E-4
0.001736111111111111
8.680555555555555E-4
0.0
4.3402777777777775E-4
8.680555555555555E-4
8.680555555555555E-4
4.3402777777777775E-4
0.0
8.680555555555555E-4
0.0
0.0
0.0013020833333333333
0.0
8.680555555555555E-4
0.0
4.3402777777777775E-4
8.680555555555555E-4
4.3402777777777775E-4
0.0
0.0
8.680555555555555E-4
0.0013020833333333333
8.680555555555555E-4
4.3402777777777775E-4
0.0
4.3402777777777775E-4
4.3402777777777775E-4
4.3402777777777775E-4
4.3402777777777775E-4
0.0
0.0013020833333333333
0.0
0.0
0.0013020833333333333
0.0
0.0
4.3402777777777775E-4
4.3402777777777775E-4
8.680555555555555E-4
4.3402777777777775E-4
0.0
0.0
0.0
0.0
0.0
8.680555555555555E-4
0.002170138888888889
0.001736111111111111
0.0026041666666666665
0.002170138888888889
0.0030381944444444445
0.001736111111111111
8.680555555555555E-4
8.680555555555555E-4
0.001736111111111111
0.0026041666666666665
0.001736111111111111
8.680555555555555E-4
8.680555555555555E-4
0.0
0.0013020833333333333
0.0013020833333333333
0.001736111111111111
0.0013020833333333333
0.001736111111111111
0.0013020833333333333
4.3402777777777775E-4
4.3402777777777775E-4
8.680555555555555E-4
0.0
0.0
0.001736111111111111
0.001736111111111111
0.002170138888888889
4.3402777777777775E-4
0.0
0.0
4.3402777777777775E-4
4.3402777777777775E-4
0.0
0.0
0.0013020833333333333
8.680555555555555E-4
8.680555555555555E-4
0.0013020833333333333
4.3402777777777775E-4
4.3402777777777775E-4
4.3402777777777775E-4
4.3402777777777775E-4
0.001736111111111111
0.0
0.0
8.680555555555555E-4
0.0
0.0
0.0
0.0
0.0
0.0
0.0
0.0
0.0
0.0
4.3402777777777775E-4
0.0
0.0
0.0
0.0
0.0
0.0
0.0
0.0
0.0
0.0
0.0
0.0
0.0
0.0
0.0
0.0
0.0
0.0
0.0
0.0
0.0
0.0
0.0
0.0
0.0
0.0
0.0
0.0
0.0
0.0
0.0
0.0
0.0
0.0
0.0
0.0
0.0
0.0
0.0
0.0
0.0
0.0
0.0
0.0
0.0
0.0
0.0
0.0
0.0
0.0
0.0
0.0
0.0
0.0
0.0
0.0
0.0
0.0
0.0
0.0
0.0
0.0
0.0
0.0
0.0
0.0
0.0
0.0
0.0
0.0
0.0
0.0
0.0
0.0
0.0
0.0
0.0
0.0
0.0
0.0
0.0
0.0
0.0
0.0
0.0
0.0
0.0
0.0
0.0
0.0
0.0
0.0
0.0
0.0
0.0
0.0
0.0
0.0
0.0
0.0
0.0
0.0
0.0
0.0
0.0
0.0
0.0
0.0
0.0
0.0
0.0
0.0
0.0
0.0
0.0
0.0
0.0
0.0
0.0
0.0
0.0
0.0
0.0
0.0
0.0
