0.0
0.0
0.0
0.0
0.0
0.0
0.0
0.0
0.0
0.0
0.0
0.0
0.0
0.0
0.0
0.0
0.0
0.0
0.0
0.0
0.0
0.0
0.0
0.0
0.0
0.0
0.0
0.0
0.0
0.0
0.0
0.0
0.0
0.0
0.0
0.0
0.0
0.0
0.0
0.0
0.0
0.0
0.0
0.0
0.0
0.0
0.0
0.0
0.0
0.0
0.0
0.0
0.0
0.0
0.0
0.0
0.0
0.0
0.0
0.0
0.0
0.0
0.0
0.0
0.0
0.0
0.0
0.0
0.0
0.0
0.0
0.0
0.0
0.0
0.0
0.0
0.0
0.0
0.0
0.0
0.0
0.0
0.0
0.0
0.0
0.0
0.0
0.0
0.0
0.0
0.0
0.0
0.0
0.0
0.0
0.0
0.0
0.0
0.0
0.0
0.0
0.0
0.0
0.0
0.0
0.0
0.0
0.0
0.0
0.0
0.0
0.0
0.0
0.0
0.0
0.0
0.0
0.0
0.0
0.0
0.0
0.0
0.0
0.0
0.0
0.0
0.0
0.0
0.0
0.0
0.0
0.0
0.0
0.0
0.0
0.0
0.0
0.0
0.0
0.0
0.0
0.0
0.0
0.0
0.0
0.0
0.0
0.0
0.0
0.0
0.0
0.0
0.0
0.0
0.0
0.0
0.0
0.0
0.0
0.0
0.0
0.0
0.0
0.0
0.0
0.0
0.0
0.0
0.0
0.0
0.0
0.0
0.0
0.0
0.0
0.0
0.0
0.0
0.0
0.0
0.0
0.0
0.0
0.0
0.0
0.0
0.0
0.0
0.0
0.0
0.0
4.3402777777777775E-4
0.0
4.3402777777777775E-4
0.0
8.680555555555555E-4
8.680555555555555E-4
0.0013020833333333333
8.680555555555555E-4
0.002170138888888889
4.3402777777777775E-4
0.0013020833333333333
4.3402777777777775E-4
0.0
4.3402777777777775E-4
0.0
0.0
0.0
0.0
4.3402777777777775E-4
0.0
0.0
0.0
0.0
0.0
0.0
0.0
4.3402777777777775E-4
0.0
0.0
0.0
4.3402777777777775E-4
0.0
0.0
0.0
0.0
4.3402777777777775E-4
0.0030381944444444445
0.0
0.004774305555555556
0.002170138888888889
0.0
0.002170138888888889
0.004340277777777778
0.013888888888888888
0.003472222222222222
0.01171875
0.016493055555555556
0.006076388888888889
0.004774305555555556
0.005642361111111111
0.006076388888888889
0.0026041666666666665
0.002170138888888889
0.006944444444444444
0.017795138888888888
0.016927083333333332
0.016493055555555556
0.005208333333333333
0.016059027777777776
0.06336805555555555
0.018663194444444444
0.052083333333333336
0.2526041666666667
0.058159722222222224
0.1684027777777778
0.029947916666666668
0.01171875
0.009114583333333334
0.006510416666666667
0.005642361111111111
0.0078125
0.0030381944444444445
0.0013020833333333333
0.010850694444444444
0.004340277777777778
0.021701388888888888
0.004774305555555556
0.008246527777777778
0.001736111111111111
0.00390625
4.3402777777777775E-4
4.3402777777777775E-4
8.680555555555555E-4
4.3402777777777775E-4
8.680555555555555E-4
0.0
0.001736111111111111
0.0
8.680555555555555E-4
0.001736111111111111
4.3402777777777775E-4
0.0
0.0013020833333333333
4.3402777777777775E-4
8.680555555555555E-4
4.3402777777777775E-4
0.0
0.0
8.680555555555555E-4
0.0
8.680555555555555E-4
8.680555555555555E-4
4.3402777777777775E-4
0.0
8.680555555555555E-4
4.3402777777777775E-4
0.0
8.680555555555555E-4
0.0
0.0
0.001736111111111111
0.0
4.3402777777777775E-4
0.0013020833333333333
0.0
4.3402777777777775E-4
4.3402777777777775E-4
0.0
8.680555555555555E-4
4.3402777777777775E-4
0.0
4.3402777777777775E-4
4.3402777777777775E-4
8.680555555555555E-4
0.0
0.0
0.001736111111111111
4.3402777777777775E-4
0.0
0.0
0.0
0.0
0.0
0.0
0.0013020833333333333
4.3402777777777775E-4
0.001736111111111111
0.0013020833333333333
0.005208333333333333
8.680555555555555E-4
0.002170138888888889
8.680555555555555E-4
0.00390625
0.0013020833333333333
0.001736111111111111
0.0013020833333333333
8.680555555555555E-4
4.3402777777777775E-4
8.680555555555555E-4
0.0013020833333333333
8.680555555555555E-4
0.0013020833333333333
0.0013020833333333333
8.680555555555555E-4
0.001736111111111111
4.3402777777777775E-4
8.680555555555555E-4
8.680555555555555E-4
8.680555555555555E-4
4.3402777777777775E-4
8.680555555555555E-4
8.680555555555555E-4
0.0013020833333333333
8.680555555555555E-4
8.680555555555555E-4
0.0
8.680555555555555E-4
4.3402777777777775E-4
0.0
4.3402777777777775E-4
8.680555555555555E-4
0.001736111111111111
4.3402777777777775E-4
0.0
0.0013020833333333333
8.680555555555555E-4
0.0
4.3402777777777775E-4
0.001736111111111111
4.3402777777777775E-4
0.0
0.0
4.3402777777777775E-4
0.0
0.0
0.0
0.0
0.0
4.3402777777777775E-4
0.0
0.0
0.0
0.0
0.0
0.0
0.0
0.0
0.0
0.0
0.0
0.0
0.0
0.0
0.0
0.0
0.0
0.0
0.0
0.0
0.0
0.0
0.0
0.0
0.0
0.0
0.0
0.0
0.0
0.0
0.0
0.0
0.0
0.0
0.0
0.0
0.0
0.0
0.0
0.0
0.0
0.0
0.0
0.0
0.0
0.0
0.0
0.0
0.0
0.0
0.0
0.0
0.0
0.0
0.0
0.0
0.0
0.0
0.0
0.0
0.0
0.0
0.0
0.0
0.0
0.0
0.0
0.0
0.0
0.0
0.0
0.0
0.0
0.0
0.0
0.0
0.0
0.0
0.0
0.0
0.0
0.0
0.0
0.0
0.0
0.0
0.0
0.0
0.0
0.0
0.0
0.0
0.0
0.0
0.0
0.0
0.0
0.0
0.0
0.0
0.0
0.0
0.0
0.0
0.0
0.0
0.0
0.0
0.0
0.0
0.0
0.0
0.0
0.0
0.0
0.0
0.0
0.0
0.0
0.0
0.0
0.0
0.0
0.0
0.0
0.0
0.0
0.0
0.0
0.0
0.0
0.0
