0.0
0.0
0.0
0.0
0.0
0.0
0.0
0.0
0.0
0.0
0.0
0.0
0.0
0.0
0.0
0.0
0.0
0.0
0.0
0.0
0.0
0.0
0.0
0.0
0.0
0.0
0.0
0.0
0.0
0.0
0.0
0.0
0.0
0.0
0.0
0.0
0.0
0.0
0.0
0.0
0.0
0.0
0.0
0.0
0.0
0.0
0.0
0.0
0.0
0.0
0.0
0.0
0.0
0.0
0.0
0.0
0.0
0.0
0.0
0.0
0.0
0.0
0.0
0.0
0.0
0.0
0.0
0.0
0.0
0.0
0.0
0.0
0.0
0.0
0.0
0.0
0.0
0.0
0.0
0.0
0.0
0.0
0.0
0.0
0.0
0.0
0.0
0.0
0.0
0.0
0.0
0.0
0.0
0.0
0.0
0.0
0.0
0.0
0.0
0.0
0.0
0.0
0.0
0.0
0.0
0.0
0.0
0.0
0.0
0.0
0.0
0.0
0.0
0.0
0.0
0.0
0.0
0.0
0.0
0.0
0.0
0.0
0.0
0.0
0.0
0.0
0.0
0.0
0.0
0.0
0.0
0.0
0.0
0.0
0.0
0.0
0.0
0.0
0.0
0.0
0.0
0.0
0.0
0.0
0.0
0.0
0.0
0.0
0.0
0.0
0.0
0.0
0.0
0.0
0.0
0.0
0.0
0.0
0.0
0.0
0.0
0.0
0.0
0.0
0.0
0.0
0.0
0.0
0.0
0.0
0.0
0.0
0.0
0.0
0.0
0.0
0.0
0.0
0.0
0.0
0.0
0.0
0.0
0.0
0.0
0.0
0.0
8.680555555555555E-4
0.0
4.3402777777777775E-4
8.680555555555555E-4
0.0013020833333333333
4.3402777777777775E-4
8.680555555555555E-4
8.680555555555555E-4
0.001736111111111111
8.680555555555555E-4
0.0
4.3402777777777775E-4
0.0
4.3402777777777775E-4
0.0
0.0
0.0
0.0
4.3402777777777775E-4
0.0
0.0
0.0
8.680555555555555E-4
0.0
0.0
0.0
0.0
0.0
0.0
0.0
4.3402777777777775E-4
0.0
0.0
0.0
0.0
0.0
0.0
0.0
0.0
0.0
0.0
0.0
0.0
8.680555555555555E-4
4.3402777777777775E-4
4.3402777777777775E-4
0.001736111111111111
0.0030381944444444445
0.004340277777777778
8.680555555555555E-4
0.001736111111111111
0.0030381944444444445
0.005642361111111111
0.0030381944444444445
0.013020833333333334
0.009982638888888888
0.010416666666666666
0.013888888888888888
0.0078125
0.008680555555555556
0.006076388888888889
0.002170138888888889
0.006076388888888889
0.05381944444444445
0.018229166666666668
0.05859375
0.006944444444444444
0.055989583333333336
0.06336805555555555
0.08116319444444445
0.3003472222222222
0.035590277777777776
0.013454861111111112
0.009982638888888888
0.019965277777777776
0.026475694444444444
0.018663194444444444
0.025173611111111112
0.006076388888888889
0.005208333333333333
0.0030381944444444445
0.0013020833333333333
8.680555555555555E-4
0.0013020833333333333
0.001736111111111111
4.3402777777777775E-4
0.0013020833333333333
0.0013020833333333333
0.0013020833333333333
0.0
0.001736111111111111
4.3402777777777775E-4
4.3402777777777775E-4
8.680555555555555E-4
0.001736111111111111
4.3402777777777775E-4
8.680555555555555E-4
0.0
0.001736111111111111
8.680555555555555E-4
8.680555555555555E-4
4.3402777777777775E-4
4.3402777777777775E-4
4.3402777777777775E-4
8.680555555555555E-4
8.680555555555555E-4
0.0
4.3402777777777775E-4
4.3402777777777775E-4
4.3402777777777775E-4
8.680555555555555E-4
4.3402777777777775E-4
4.3402777777777775E-4
4.3402777777777775E-4
0.0013020833333333333
0.0
4.3402777777777775E-4
4.3402777777777775E-4
0.0
0.0013020833333333333
0.0
0.0
4.3402777777777775E-4
8.680555555555555E-4
0.0
4.3402777777777775E-4
4.3402777777777775E-4
4.3402777777777775E-4
8.680555555555555E-4
4.3402777777777775E-4
0.0
4.3402777777777775E-4
8.680555555555555E-4
4.3402777777777775E-4
0.002170138888888889
0.0030381944444444445
0.00390625
0.0026041666666666665
0.0013020833333333333
0.001736111111111111
8.680555555555555E-4
0.002170138888888889
8.680555555555555E-4
0.0026041666666666665
4.3402777777777775E-4
0.001736111111111111
0.001736111111111111
0.0013020833333333333
0.0
0.002170138888888889
8.680555555555555E-4
8.680555555555555E-4
0.0
4.3402777777777775E-4
0.001736111111111111
8.680555555555555E-4
8.680555555555555E-4
0.001736111111111111
8.680555555555555E-4
8.680555555555555E-4
0.0
4.3402777777777775E-4
4.3402777777777775E-4
4.3402777777777775E-4
4.3402777777777775E-4
0.0
0.002170138888888889
0.0013020833333333333
8.680555555555555E-4
8.680555555555555E-4
8.680555555555555E-4
0.0013020833333333333
0.0
8.680555555555555E-4
0.0
0.0
4.3402777777777775E-4
0.0
0.0
0.0
0.0
0.0
0.0
0.0
4.3402777777777775E-4
0.0
0.0
0.0
0.0
0.0
0.0
0.0
0.0
0.0
0.0
0.0
0.0
0.0
0.0
0.0
0.0
0.0
0.0
0.0
0.0
0.0
0.0
0.0
0.0
0.0
0.0
0.0
0.0
0.0
0.0
0.0
0.0
0.0
0.0
0.0
0.0
0.0
0.0
0.0
0.0
0.0
0.0
0.0
0.0
0.0
0.0
0.0
0.0
0.0
0.0
0.0
0.0
0.0
0.0
0.0
0.0
0.0
0.0
0.0
0.0
0.0
0.0
0.0
0.0
0.0
0.0
0.0
0.0
0.0
0.0
0.0
0.0
0.0
0.0
0.0
0.0
0.0
0.0
0.0
0.0
0.0
0.0
0.0
0.0
0.0
0.0
0.0
0.0
0.0
0.0
0.0
0.0
0.0
0.0
0.0
0.0
0.0
0.0
0.0
0.0
0.0
0.0
0.0
0.0
0.0
0.0
0.0
0.0
0.0
0.0
0.0
0.0
0.0
0.0
0.0
0.0
0.0
0.0
0.0
0.0
0.0
0.0
0.0
0.0
0.0
0.0
0.0
0.0
0.0
0.0
0.0
0.0
0.0
0.0
0.0
0.0
0.0
0.0
0.0
0.0
