0.0
0.0
0.0
0.0
0.0
0.0
0.0
0.0
0.0
0.0
0.0
0.0
0.0
0.0
0.0
0.0
0.0
0.0
0.0
0.0
0.0
0.0
0.0
0.0
0.0
0.0
0.0
0.0
0.0
0.0
0.0
0.0
0.0
0.0
0.0
0.0
0.0
0.0
0.0
0.0
0.0
0.0
0.0
0.0
0.0
0.0
0.0
0.0
0.0
0.0
0.0
0.0
0.0
0.0
0.0
0.0
0.0
0.0
0.0
0.0
0.0
0.0
0.0
0.0
0.0
0.0
0.0
0.0
0.0
0.0
0.0
0.0
0.0
0.0
0.0
0.0
0.0
0.0
0.0
0.0
0.0
0.0
0.0
0.0
0.0
0.0
0.0
0.0
0.0
0.0
0.0
0.0
0.0
0.0
0.0
0.0
0.0
0.0
0.0
0.0
0.0
0.0
0.0
0.0
0.0
0.0
0.0
0.0
0.0
0.0
0.0
0.0
0.0
0.0
0.0
0.0
0.0
0.0
0.0
0.0
0.0
0.0
0.0
0.0
0.0
0.0
0.0
0.0
0.0
0.0
0.0
0.0
0.0
0.0
0.0
0.0
0.0
0.0
0.0
0.0
0.0
0.0
0.0
0.0
0.0
0.0
0.0
0.0
0.0
0.0
0.0
0.0
0.0
0.0
0.0
0.0
0.0
0.0
0.0
0.0
0.0
0.0
0.0
0.0
0.0
0.0
0.0
0.0
0.0
0.0
0.0
0.0
0.0
0.0
0.0
0.0
0.0
0.0
0.0
0.0
0.0
0.0
0.0
0.0
0.0
0.0
0.0
4.3402777777777775E-4
0.0
0.0
8.680555555555555E-4
0.0013020833333333333
4.3402777777777775E-4
0.0
0.0013020833333333333
4.3402777777777775E-4
0.001736111111111111
8.680555555555555E-4
0.0
0.0013020833333333333
0.0
8.680555555555555E-4
0.0
0.0
0.0
0.0
0.0
0.0
4.3402777777777775E-4
0.0
0.0
0.0
4.3402777777777775E-4
0.0
0.0
0.0
0.0
0.0
0.0
4.3402777777777775E-4
0.0
0.0
0.0
0.0
0.0
0.0
0.0
0.0
4.3402777777777775E-4
0.0026041666666666665
0.0030381944444444445
0.002170138888888889
8.680555555555555E-4
0.0026041666666666665
0.002170138888888889
0.003472222222222222
0.013020833333333334
0.007378472222222222
0.006944444444444444
0.014756944444444444
0.0078125
0.0026041666666666665
0.004340277777777778
0.003472222222222222
0.005208333333333333
0.00390625
0.0078125
0.01953125
0.020833333333333332
0.013020833333333334
0.006076388888888889
0.010850694444444444
0.010850694444444444
0.03819444444444445
0.10894097222222222
0.2864583333333333
0.1115451388888889
0.033854166666666664
0.031684027777777776
0.017361111111111112
0.013454861111111112
0.016059027777777776
0.0078125
0.004774305555555556
0.0030381944444444445
0.008680555555555556
0.016927083333333332
0.007378472222222222
0.007378472222222222
0.006076388888888889
0.006944444444444444
0.004774305555555556
0.004774305555555556
8.680555555555555E-4
4.3402777777777775E-4
4.3402777777777775E-4
0.0013020833333333333
4.3402777777777775E-4
4.3402777777777775E-4
4.3402777777777775E-4
4.3402777777777775E-4
0.001736111111111111
8.680555555555555E-4
8.680555555555555E-4
8.680555555555555E-4
0.0
8.680555555555555E-4
0.0013020833333333333
0.0
8.680555555555555E-4
0.0
0.0
4.3402777777777775E-4
8.680555555555555E-4
8.680555555555555E-4
4.3402777777777775E-4
8.680555555555555E-4
0.0
4.3402777777777775E-4
4.3402777777777775E-4
4.3402777777777775E-4
4.3402777777777775E-4
8.680555555555555E-4
4.3402777777777775E-4
0.0013020833333333333
0.0
8.680555555555555E-4
4.3402777777777775E-4
0.0
4.3402777777777775E-4
0.0
4.3402777777777775E-4
0.0
0.0013020833333333333
0.0
4.3402777777777775E-4
0.0
0.0
8.680555555555555E-4
0.0
8.680555555555555E-4
8.680555555555555E-4
4.3402777777777775E-4
0.0
0.0
0.0
0.0
4.3402777777777775E-4
4.3402777777777775E-4
0.001736111111111111
0.002170138888888889
0.0030381944444444445
0.0026041666666666665
0.0013020833333333333
0.0026041666666666665
8.680555555555555E-4
8.680555555555555E-4
0.0013020833333333333
0.002170138888888889
0.002170138888888889
8.680555555555555E-4
0.0013020833333333333
8.680555555555555E-4
8.680555555555555E-4
0.0013020833333333333
8.680555555555555E-4
0.002170138888888889
0.0013020833333333333
8.680555555555555E-4
4.3402777777777775E-4
8.680555555555555E-4
0.0
0.0013020833333333333
8.680555555555555E-4
4.3402777777777775E-4
0.0013020833333333333
0.001736111111111111
8.680555555555555E-4
0.0
4.3402777777777775E-4
4.3402777777777775E-4
4.3402777777777775E-4
0.0
0.0
0.0013020833333333333
8.680555555555555E-4
8.680555555555555E-4
8.680555555555555E-4
0.0013020833333333333
4.3402777777777775E-4
4.3402777777777775E-4
4.3402777777777775E-4
8.680555555555555E-4
4.3402777777777775E-4
0.0
4.3402777777777775E-4
0.0
0.0
4.3402777777777775E-4
0.0
0.0
0.0
0.0
0.0
0.0
4.3402777777777775E-4
0.0
0.0
0.0
0.0
0.0
0.0
0.0
0.0
0.0
0.0
0.0
0.0
0.0
0.0
0.0
0.0
0.0
0.0
0.0
0.0
0.0
0.0
0.0
0.0
0.0
0.0
0.0
0.0
0.0
0.0
0.0
0.0
0.0
0.0
0.0
0.0
0.0
0.0
0.0
0.0
0.0
0.0
0.0
0.0
0.0
0.0
0.0
0.0
0.0
0.0
0.0
0.0
0.0
0.0
0.0
0.0
0.0
0.0
0.0
0.0
0.0
0.0
0.0
0.0
0.0
0.0
0.0
0.0
0.0
0.0
0.0
0.0
0.0
0.0
0.0
0.0
0.0
0.0
0.0
0.0
0.0
0.0
0.0
0.0
0.0
0.0
0.0
0.0
0.0
0.0
0.0
0.0
0.0
0.0
0.0
0.0
0.0
0.0
0.0
0.0
0.0
0.0
0.0
0.0
0.0
0.0
0.0
0.0
0.0
0.0
0.0
0.0
0.0
0.0
0.0
0.0
0.0
0.0
0.0
0.0
0.0
0.0
0.0
0.0
0.0
0.0
