0.0
0.0
0.0
0.0
0.0
0.0
0.0
0.0
0.0
0.0
0.0
0.0
0.0
0.0
0.0
0.0
0.0
0.0
0.0
0.0
0.0
0.0
0.0
0.0
0.0
0.0
0.0
0.0
0.0
0.0
0.0
0.0
0.0
0.0
0.0
0.0
0.0
0.0
0.0
0.0
0.0
0.0
0.0
0.0
0.0
0.0
0.0
0.0
0.0
0.0
0.0
0.0
0.0
0.0
0.0
0.0
0.0
0.0
0.0
0.0
0.0
0.0
0.0
0.0
0.0
0.0
0.0
0.0
0.0
0.0
0.0
0.0
0.0
0.0
0.0
0.0
0.0
0.0
0.0
0.0
0.0
0.0
0.0
0.0
0.0
0.0
0.0
0.0
0.0
0.0
0.0
0.0
0.0
0.0
0.0
0.0
0.0
0.0
0.0
0.0
0.0
0.0
0.0
0.0
0.0
0.0
0.0
0.0
0.0
0.0
0.0
0.0
0.0
0.0
0.0
0.0
0.0
0.0
0.0
0.0
0.0
0.0
0.0
0.0
0.0
0.0
0.0
0.0
0.0
0.0
0.0
0.0
0.0
0.0
0.0
0.0
0.0
0.0
0.0
0.0
0.0
0.0
0.0
0.0
0.0
0.0
0.0
0.0
0.0
0.0
0.0
0.0
0.0
0.0
0.0
0.0
0.0
0.0
0.0
0.0
0.0
0.0
0.0
0.0
0.0
0.0
0.0
0.0
0.0
0.0
0.0
0.0
0.0
0.0
0.0
0.0
0.0
0.0
0.0
0.0
0.0
0.0
0.0
0.0
0.0
0.0
0.0
0.0
0.0
0.0
4.3402777777777775E-4
8.680555555555555E-4
0.0
4.3402777777777775E-4
8.680555555555555E-4
0.0013020833333333333
4.3402777777777775E-4
0.002170138888888889
4.3402777777777775E-4
0.0013020833333333333
8.680555555555555E-4
0.0
0.0
4.3402777777777775E-4
0.0
0.0
0.0
0.0
0.0
4.3402777777777775E-4
0.0
0.0
0.0
0.0
0.0
0.0
4.3402777777777775E-4
0.0
0.0
0.0
0.0
0.0
0.0
0.0
4.3402777777777775E-4
0.0
0.0
4.3402777777777775E-4
4.3402777777777775E-4
0.0026041666666666665
0.003472222222222222
0.002170138888888889
8.680555555555555E-4
0.001736111111111111
0.0026041666666666665
0.0030381944444444445
0.01171875
0.009114583333333334
0.008680555555555556
0.015625
0.005642361111111111
0.00390625
0.002170138888888889
0.006510416666666667
0.005208333333333333
0.001736111111111111
0.006076388888888889
0.028645833333333332
0.014322916666666666
0.01171875
0.006944444444444444
0.013020833333333334
0.03732638888888889
0.03211805555555555
0.3441840277777778
0.1388888888888889
0.028211805555555556
0.033854166666666664
0.020399305555555556
0.012152777777777778
0.019097222222222224
0.0078125
0.003472222222222222
0.003472222222222222
0.009114583333333334
0.019965277777777776
0.004774305555555556
0.009548611111111112
0.007378472222222222
0.008680555555555556
0.0013020833333333333
0.001736111111111111
8.680555555555555E-4
4.3402777777777775E-4
8.680555555555555E-4
0.001736111111111111
0.0
4.3402777777777775E-4
4.3402777777777775E-4
8.680555555555555E-4
4.3402777777777775E-4
0.002170138888888889
8.680555555555555E-4
0.0
4.3402777777777775E-4
0.0013020833333333333
0.0
8.680555555555555E-4
4.3402777777777775E-4
0.0
8.680555555555555E-4
0.0
0.0
0.0013020833333333333
0.0
8.680555555555555E-4
0.0
8.680555555555555E-4
8.680555555555555E-4
0.0
0.0
4.3402777777777775E-4
0.001736111111111111
0.0
0.0013020833333333333
0.0
0.0
8.680555555555555E-4
0.0
4.3402777777777775E-4
0.0
0.001736111111111111
0.0
0.0
0.0013020833333333333
0.0
0.0
4.3402777777777775E-4
8.680555555555555E-4
4.3402777777777775E-4
4.3402777777777775E-4
0.0
0.0
0.0
0.0
0.0
0.0
0.002170138888888889
0.002170138888888889
8.680555555555555E-4
0.003472222222222222
0.00390625
0.0026041666666666665
4.3402777777777775E-4
4.3402777777777775E-4
0.003472222222222222
0.0
0.0026041666666666665
0.0013020833333333333
4.3402777777777775E-4
4.3402777777777775E-4
0.0013020833333333333
8.680555555555555E-4
0.0013020833333333333
0.002170138888888889
0.001736111111111111
8.680555555555555E-4
4.3402777777777775E-4
8.680555555555555E-4
4.3402777777777775E-4
0.0
8.680555555555555E-4
4.3402777777777775E-4
0.0026041666666666665
0.002170138888888889
0.0
0.0
0.0
8.680555555555555E-4
0.0
0.0
0.0
0.0013020833333333333
0.0013020833333333333
4.3402777777777775E-4
4.3402777777777775E-4
0.0013020833333333333
8.680555555555555E-4
0.0
8.680555555555555E-4
0.0013020833333333333
0.0
8.680555555555555E-4
0.0
0.0
0.0
0.0
0.0
0.0
0.0
0.0
0.0
0.0
4.3402777777777775E-4
0.0
0.0
0.0
0.0
0.0
0.0
0.0
0.0
0.0
0.0
0.0
0.0
0.0
0.0
0.0
0.0
0.0
0.0
0.0
0.0
0.0
0.0
0.0
0.0
0.0
0.0
0.0
0.0
0.0
0.0
0.0
0.0
0.0
0.0
0.0
0.0
0.0
0.0
0.0
0.0
0.0
0.0
0.0
0.0
0.0
0.0
0.0
0.0
0.0
0.0
0.0
0.0
0.0
0.0
0.0
0.0
0.0
0.0
0.0
0.0
0.0
0.0
0.0
0.0
0.0
0.0
0.0
0.0
0.0
0.0
0.0
0.0
0.0
0.0
0.0
0.0
0.0
0.0
0.0
0.0
0.0
0.0
0.0
0.0
0.0
0.0
0.0
0.0
0.0
0.0
0.0
0.0
0.0
0.0
0.0
0.0
0.0
0.0
0.0
0.0
0.0
0.0
0.0
0.0
0.0
0.0
0.0
0.0
0.0
0.0
0.0
0.0
0.0
0.0
0.0
0.0
0.0
0.0
0.0
0.0
0.0
0.0
0.0
0.0
0.0
0.0
0.0
0.0
