0.0
0.0
0.0
0.0
0.0
0.0
0.0
0.0
0.0
0.0
0.0
0.0
0.0
0.0
0.0
0.0
0.0
0.0
0.0
0.0
0.0
0.0
0.0
0.0
0.0
0.0
0.0
0.0
0.0
0.0
0.0
0.0
0.0
0.0
0.0
0.0
0.0
0.0
0.0
0.0
0.0
0.0
0.0
0.0
0.0
0.0
0.0
0.0
0.0
0.0
0.0
0.0
0.0
0.0
0.0
0.0
0.0
0.0
0.0
0.0
0.0
0.0
0.0
0.0
0.0
0.0
0.0
0.0
0.0
0.0
0.0
0.0
0.0
0.0
0.0
0.0
0.0
0.0
0.0
0.0
0.0
0.0
0.0
0.0
0.0
0.0
0.0
0.0
0.0
0.0
0.0
0.0
0.0
0.0
0.0
0.0
0.0
0.0
0.0
0.0
0.0
0.0
0.0
0.0
0.0
0.0
0.0
0.0
0.0
0.0
0.0
0.0
0.0
0.0
0.0
0.0
0.0
0.0
0.0
0.0
0.0
0.0
0.0
0.0
0.0
0.0
0.0
0.0
0.0
0.0
0.0
0.0
0.0
0.0
0.0
0.0
0.0
0.0
0.0
0.0
0.0
0.0
0.0
0.0
0.0
0.0
0.0
0.0
0.0
0.0
0.0
0.0
0.0
0.0
0.0
0.0
0.0
0.0
0.0
0.0
0.0
0.0
0.0
0.0
0.0
0.0
0.0
0.0
0.0
0.0
0.0
0.0
0.0
0.0
0.0
0.0
0.0
0.0
0.0
0.0
0.0
0.0
0.0
0.0
0.0
0.0
0.0
0.0
0.0
4.3402777777777775E-4
0.0
8.680555555555555E-4
4.3402777777777775E-4
8.680555555555555E-4
4.3402777777777775E-4
0.001736111111111111
4.3402777777777775E-4
0.001736111111111111
8.680555555555555E-4
8.680555555555555E-4
0.0
0.0
8.680555555555555E-4
0.0
0.0
0.0
0.0
0.0
0.0
4.3402777777777775E-4
0.0
0.0
0.0
4.3402777777777775E-4
0.0
0.0
0.0
0.0
0.0
0.0
4.3402777777777775E-4
0.0
0.0
0.0
0.0
0.0
0.0
0.0
8.680555555555555E-4
0.002170138888888889
0.00390625
0.001736111111111111
8.680555555555555E-4
0.002170138888888889
0.002170138888888889
0.003472222222222222
0.013454861111111112
0.006944444444444444
0.007378472222222222
0.016493055555555556
0.006076388888888889
0.00390625
0.0030381944444444445
0.006944444444444444
0.004340277777777778
0.002170138888888889
0.007378472222222222
0.025173611111111112
0.014756944444444444
0.013454861111111112
0.006076388888888889
0.014322916666666666
0.03732638888888889
0.031684027777777776
0.3428819444444444
0.13932291666666666
0.028645833333333332
0.03211805555555555
0.021267361111111112
0.013020833333333334
0.017795138888888888
0.008680555555555556
0.003472222222222222
0.003472222222222222
0.009114583333333334
0.020833333333333332
0.00390625
0.009982638888888888
0.007378472222222222
0.008246527777777778
0.001736111111111111
0.001736111111111111
0.0013020833333333333
0.0
8.680555555555555E-4
8.680555555555555E-4
4.3402777777777775E-4
4.3402777777777775E-4
4.3402777777777775E-4
0.001736111111111111
0.0
0.001736111111111111
0.0013020833333333333
0.0
0.0
0.001736111111111111
4.3402777777777775E-4
0.0
8.680555555555555E-4
0.0
0.0
4.3402777777777775E-4
4.3402777777777775E-4
0.001736111111111111
0.0
8.680555555555555E-4
0.0
8.680555555555555E-4
0.0
8.680555555555555E-4
4.3402777777777775E-4
4.3402777777777775E-4
0.001736111111111111
0.0
0.0
0.0013020833333333333
0.0
4.3402777777777775E-4
0.0
0.0
4.3402777777777775E-4
0.0013020833333333333
0.0
4.3402777777777775E-4
0.0
0.0
8.680555555555555E-4
0.0
0.0013020833333333333
4.3402777777777775E-4
4.3402777777777775E-4
0.0
0.0
0.0
0.0
0.0
4.3402777777777775E-4
0.0013020833333333333
0.0030381944444444445
0.0013020833333333333
0.0030381944444444445
0.0030381944444444445
0.0026041666666666665
0.0
0.0013020833333333333
0.0030381944444444445
4.3402777777777775E-4
0.002170138888888889
8.680555555555555E-4
0.001736111111111111
4.3402777777777775E-4
0.0013020833333333333
8.680555555555555E-4
0.0013020833333333333
0.001736111111111111
0.0013020833333333333
4.3402777777777775E-4
0.0013020833333333333
4.3402777777777775E-4
8.680555555555555E-4
8.680555555555555E-4
8.680555555555555E-4
0.0
0.001736111111111111
0.001736111111111111
0.0
4.3402777777777775E-4
4.3402777777777775E-4
8.680555555555555E-4
0.0
0.0
0.0
8.680555555555555E-4
0.001736111111111111
4.3402777777777775E-4
4.3402777777777775E-4
0.001736111111111111
4.3402777777777775E-4
4.3402777777777775E-4
4.3402777777777775E-4
0.0013020833333333333
0.0
4.3402777777777775E-4
0.0
0.0
4.3402777777777775E-4
0.0
0.0
0.0
0.0
0.0
0.0
4.3402777777777775E-4
0.0
0.0
0.0
0.0
0.0
0.0
0.0
0.0
0.0
0.0
0.0
0.0
0.0
0.0
0.0
0.0
0.0
0.0
0.0
0.0
0.0
0.0
0.0
0.0
0.0
0.0
0.0
0.0
0.0
0.0
0.0
0.0
0.0
0.0
0.0
0.0
0.0
0.0
0.0
0.0
0.0
0.0
0.0
0.0
0.0
0.0
0.0
0.0
0.0
0.0
0.0
0.0
0.0
0.0
0.0
0.0
0.0
0.0
0.0
0.0
0.0
0.0
0.0
0.0
0.0
0.0
0.0
0.0
0.0
0.0
0.0
0.0
0.0
0.0
0.0
0.0
0.0
0.0
0.0
0.0
0.0
0.0
0.0
0.0
0.0
0.0
0.0
0.0
0.0
0.0
0.0
0.0
0.0
0.0
0.0
0.0
0.0
0.0
0.0
0.0
0.0
0.0
0.0
0.0
0.0
0.0
0.0
0.0
0.0
0.0
0.0
0.0
0.0
0.0
0.0
0.0
0.0
0.0
0.0
0.0
0.0
0.0
0.0
0.0
0.0
0.0
0.0
0.0
0.0
