0.0
0.0
0.0
0.0
0.0
0.0
0.0
0.0
0.0
0.0
0.0
0.0
0.0
0.0
0.0
0.0
0.0
0.0
0.0
0.0
0.0
0.0
0.0
0.0
0.0
0.0
0.0
0.0
0.0
0.0
0.0
0.0
0.0
0.0
0.0
0.0
0.0
0.0
0.0
0.0
0.0
0.0
0.0
0.0
0.0
0.0
0.0
0.0
0.0
0.0
0.0
0.0
0.0
0.0
0.0
0.0
0.0
0.0
0.0
0.0
0.0
0.0
0.0
0.0
0.0
0.0
0.0
0.0
0.0
0.0
0.0
0.0
0.0
0.0
0.0
0.0
0.0
0.0
0.0
0.0
0.0
0.0
0.0
0.0
0.0
0.0
0.0
0.0
0.0
0.0
0.0
0.0
0.0
0.0
0.0
0.0
0.0
0.0
0.0
0.0
0.0
0.0
0.0
0.0
0.0
0.0
0.0
0.0
0.0
0.0
0.0
0.0
0.0
0.0
0.0
0.0
0.0
0.0
0.0
0.0
0.0
0.0
0.0
0.0
0.0
0.0
0.0
0.0
0.0
0.0
0.0
0.0
0.0
0.0
0.0
0.0
0.0
0.0
0.0
0.0
0.0
0.0
0.0
0.0
0.0
0.0
0.0
0.0
0.0
0.0
0.0
0.0
0.0
0.0
0.0
0.0
0.0
0.0
0.0
0.0
0.0
0.0
0.0
0.0
0.0
0.0
0.0
0.0
0.0
0.0
0.0
0.0
0.0
0.0
0.0
0.0
0.0
0.0
0.0
0.0
0.0
0.0
0.0
0.0
0.0
0.0
0.0
0.0
0.0
0.0
0.0
0.0
0.0
0.0
0.0
0.0
0.0
0.0
0.0
0.0
0.0
0.0
0.0
0.0
0.0
4.3402777777777775E-4
0.0
0.0
0.0
4.3402777777777775E-4
4.3402777777777775E-4
4.3402777777777775E-4
4.3402777777777775E-4
0.0
0.0013020833333333333
0.0
0.002170138888888889
0.001736111111111111
8.680555555555555E-4
4.3402777777777775E-4
8.680555555555555E-4
0.0
0.0
0.0
8.680555555555555E-4
0.0
0.0
0.0
4.3402777777777775E-4
0.0
0.0
8.680555555555555E-4
0.0
0.0
0.0
0.0
0.0
8.680555555555555E-4
0.003472222222222222
0.004340277777777778
0.0026041666666666665
0.003472222222222222
0.007378472222222222
0.01171875
0.014756944444444444
0.016493055555555556
0.006076388888888889
0.008680555555555556
0.007378472222222222
0.009114583333333334
0.029079861111111112
0.018663194444444444
0.012586805555555556
0.048177083333333336
0.055121527777777776
0.4357638888888889
0.057291666666666664
0.045572916666666664
0.016059027777777776
0.020399305555555556
0.009982638888888888
0.012586805555555556
0.020833333333333332
0.010850694444444444
0.009548611111111112
0.008680555555555556
0.00390625
8.680555555555555E-4
4.3402777777777775E-4
0.0013020833333333333
0.0013020833333333333
4.3402777777777775E-4
0.001736111111111111
0.001736111111111111
0.0013020833333333333
0.0
0.0013020833333333333
8.680555555555555E-4
8.680555555555555E-4
4.3402777777777775E-4
4.3402777777777775E-4
4.3402777777777775E-4
0.0013020833333333333
0.0
0.001736111111111111
0.0013020833333333333
4.3402777777777775E-4
4.3402777777777775E-4
4.3402777777777775E-4
8.680555555555555E-4
0.0
8.680555555555555E-4
4.3402777777777775E-4
4.3402777777777775E-4
4.3402777777777775E-4
8.680555555555555E-4
4.3402777777777775E-4
8.680555555555555E-4
4.3402777777777775E-4
0.0013020833333333333
0.0
4.3402777777777775E-4
4.3402777777777775E-4
0.0013020833333333333
0.003472222222222222
0.0030381944444444445
0.00390625
0.002170138888888889
0.0030381944444444445
0.0030381944444444445
4.3402777777777775E-4
0.001736111111111111
0.001736111111111111
0.0026041666666666665
0.0013020833333333333
0.0030381944444444445
0.0013020833333333333
0.0013020833333333333
4.3402777777777775E-4
0.0013020833333333333
4.3402777777777775E-4
0.002170138888888889
0.0013020833333333333
4.3402777777777775E-4
4.3402777777777775E-4
4.3402777777777775E-4
8.680555555555555E-4
0.0026041666666666665
0.0013020833333333333
4.3402777777777775E-4
8.680555555555555E-4
4.3402777777777775E-4
0.0013020833333333333
4.3402777777777775E-4
0.0
8.680555555555555E-4
0.0
0.0
0.0
0.0
0.0
0.0
0.0
0.0
4.3402777777777775E-4
0.0
0.0
0.0
0.0
0.0
0.0
0.0
0.0
0.0
0.0
0.0
0.0
0.0
0.0
0.0
0.0
0.0
0.0
0.0
0.0
0.0
0.0
0.0
0.0
0.0
0.0
0.0
0.0
0.0
0.0
0.0
0.0
0.0
0.0
0.0
0.0
0.0
0.0
0.0
0.0
0.0
0.0
0.0
0.0
0.0
0.0
0.0
0.0
0.0
0.0
0.0
0.0
0.0
0.0
0.0
0.0
0.0
0.0
0.0
0.0
0.0
0.0
0.0
0.0
0.0
0.0
0.0
0.0
0.0
0.0
0.0
0.0
0.0
0.0
0.0
0.0
0.0
0.0
0.0
0.0
0.0
0.0
0.0
0.0
0.0
0.0
0.0
0.0
0.0
0.0
0.0
0.0
0.0
0.0
0.0
0.0
0.0
0.0
0.0
0.0
0.0
0.0
0.0
0.0
0.0
0.0
0.0
0.0
0.0
0.0
0.0
0.0
0.0
0.0
0.0
0.0
0.0
0.0
0.0
0.0
0.0
0.0
0.0
0.0
0.0
0.0
0.0
0.0
0.0
0.0
0.0
0.0
0.0
0.0
0.0
0.0
0.0
0.0
0.0
0.0
0.0
0.0
0.0
0.0
0.0
0.0
0.0
0.0
0.0
0.0
0.0
0.0
0.0
0.0
0.0
0.0
0.0
0.0
0.0
0.0
0.0
0.0
0.0
0.0
0.0
0.0
0.0
