0.0
0.0
0.0
0.0
0.0
0.0
0.0
0.0
0.0
0.0
0.0
0.0
1.0172526041666666E-5
0.0
1.0172526041666666E-5
4.0690104166666664E-5
1.0172526041666667E-4
1.8310546875E-4
2.44140625E-4
1.4241536458333334E-4
2.543131510416667E-4
4.781087239583333E-4
6.815592447916666E-4
3.0517578125E-4
5.289713541666666E-4
7.62939453125E-4
0.0010782877604166667
2.3396809895833334E-4
0.0014444986979166667
0.001861572265625
5.900065104166666E-4
0.001220703125
0.00152587890625
0.0016377766927083333
0.0013020833333333333
0.00146484375
0.0027974446614583335
0.0033060709635416665
0.0012410481770833333
0.0027364095052083335
0.0036417643229166665
0.0028889973958333335
0.0016682942708333333
0.0030924479166666665
0.004414876302083333
0.004252115885416667
0.0018513997395833333
0.004445393880208333
0.0057373046875
0.004353841145833333
0.0018819173177083333
0.006927490234375
0.00823974609375
0.004791259765625
0.004781087239583333
0.010213216145833334
0.011372884114583334
0.006317138671875
0.007303873697916667
0.014750162760416666
0.01458740234375
0.00750732421875
0.012349446614583334
0.021280924479166668
0.019989013671875
0.007822672526041666
0.016886393229166668
0.016805013020833332
0.007578531901041667
0.005564371744791667
0.007548014322916667
0.005961100260416667
0.001983642578125
0.0024312337239583335
0.004160563151041667
0.003631591796875
0.0022481282552083335
0.0027262369791666665
0.0035502115885416665
0.0020243326822916665
0.0024312337239583335
0.003753662109375
0.004689534505208333
0.003326416015625
0.0027974446614583335
0.008941650390625
0.011606852213541666
0.00213623046875
0.012379964192708334
0.015736897786458332
0.017893473307291668
0.00360107421875
0.016092936197916668
0.019439697265625
0.0098876953125
0.010579427083333334
0.012837727864583334
0.015665690104166668
0.00592041015625
0.022593180338541668
0.013743082682291666
0.016072591145833332
0.005991617838541667
0.014068603515625
0.015981038411458332
0.016286214192708332
0.006581624348958333
0.007863362630208334
0.012746175130208334
0.011688232421875
0.002899169921875
0.007904052734375
0.010030110677083334
0.007558186848958333
0.004191080729166667
0.005900065104166667
0.008565266927083334
0.006317138671875
0.0037333170572916665
0.008046468098958334
0.010874430338541666
0.00823974609375
0.004323323567708333
0.010325113932291666
0.01190185546875
0.005950927734375
0.00640869140625
0.011342366536458334
0.010080973307291666
0.0059814453125
0.007080078125
0.01043701171875
0.008646647135416666
0.003509521484375
0.008443196614583334
0.008992513020833334
0.006764729817708333
0.0037638346354166665
0.007039388020833333
0.007822672526041666
0.005167643229166667
0.0035196940104166665
0.006795247395833333
0.006988525390625
0.0023396809895833335
0.00421142578125
0.005961100260416667
0.005350748697916667
0.00146484375
0.004119873046875
0.004343668619791667
0.003814697265625
9.256998697916666E-4
0.003143310546875
0.00323486328125
0.0025838216145833335
0.0010477701822916667
0.0031331380208333335
0.0031636555989583335
0.0020751953125
0.00189208984375
0.0032552083333333335
0.002960205078125
9.663899739583334E-4
0.001983642578125
0.0025227864583333335
0.0024820963541666665
8.443196614583334E-4
0.0019022623697916667
0.00201416015625
0.0014139811197916667
8.951822916666666E-4
0.001617431640625
0.0019429524739583333
0.001312255859375
4.8828125E-4
0.0015157063802083333
0.0014750162760416667
7.9345703125E-4
7.120768229166666E-4
0.001434326171875
0.0018310546875
4.170735677083333E-4
0.0010172526041666667
0.0014546712239583333
9.969075520833333E-4
5.900065104166666E-4
7.425944010416666E-4
0.0012003580729166667
6.510416666666666E-4
8.443196614583334E-4
7.62939453125E-4
0.0010477701822916667
6.815592447916666E-4
7.9345703125E-4
6.815592447916666E-4
0.0012410481770833333
8.544921875E-4
7.832845052083334E-4
0.001007080078125
0.0015055338541666667
6.917317708333334E-4
7.731119791666666E-4
0.0013326009114583333
0.0011189778645833333
4.984537760416666E-4
7.62939453125E-4
0.00103759765625
8.646647135416666E-4
3.458658854166667E-4
5.79833984375E-4
7.01904296875E-4
5.18798828125E-4
2.543131510416667E-4
4.781087239583333E-4
5.289713541666666E-4
2.950032552083333E-4
2.74658203125E-4
4.069010416666667E-4
4.2724609375E-4
2.13623046875E-4
1.9327799479166666E-4
3.560384114583333E-4
4.679361979166667E-4
2.13623046875E-4
5.289713541666666E-4
3.865559895833333E-4
5.79833984375E-4
4.781087239583333E-4
6.7138671875E-4
6.306966145833334E-4
4.8828125E-4
7.425944010416666E-4
6.306966145833334E-4
9.46044921875E-4
6.612141927083334E-4
3.662109375E-4
1.4241536458333334E-4
5.0862630208333336E-5
1.1189778645833333E-4
5.0862630208333336E-5
5.0862630208333336E-5
5.0862630208333336E-5
0.0
0.0
0.0
0.0
0.0
0.0
0.0
0.0
0.0
1.0172526041666666E-5
1.0172526041666666E-5
0.0
1.0172526041666666E-5
