0.6211140950520834
0.10792032877604167
0.07605997721354167
0.050262451171875
0.030324300130208332
0.014923095703125
0.011932373046875
0.0108642578125
0.008860270182291666
0.0062255859375
0.005218505859375
0.005299886067708333
0.004241943359375
0.00347900390625
0.0029805501302083335
0.0034993489583333335
0.0025838216145833335
0.0023295084635416665
0.0021565755208333335
0.0028279622395833335
0.0018412272135416667
0.0017496744791666667
0.0019327799479166667
0.00189208984375
0.0012613932291666667
0.0010986328125
0.0012715657552083333
0.0012613932291666667
9.053548177083334E-4
8.341471354166666E-4
0.0010782877604166667
9.358723958333334E-4
6.205240885416666E-4
7.01904296875E-4
6.815592447916666E-4
5.79833984375E-4
4.069010416666667E-4
4.8828125E-4
5.696614583333334E-4
4.57763671875E-4
3.255208333333333E-4
3.458658854166667E-4
3.255208333333333E-4
2.2379557291666666E-4
2.2379557291666666E-4
1.9327799479166666E-4
1.3224283854166666E-4
1.7293294270833334E-4
1.9327799479166666E-4
2.3396809895833334E-4
1.3224283854166666E-4
2.0345052083333334E-4
1.4241536458333334E-4
1.6276041666666666E-4
1.3224283854166666E-4
1.0172526041666667E-4
1.3224283854166666E-4
1.3224283854166666E-4
1.3224283854166666E-4
1.1189778645833333E-4
9.1552734375E-5
7.120768229166667E-5
8.138020833333333E-5
7.120768229166667E-5
1.0172526041666667E-4
9.1552734375E-5
8.138020833333333E-5
2.0345052083333332E-5
1.0172526041666667E-4
2.0345052083333332E-5
6.103515625E-5
7.120768229166667E-5
5.0862630208333336E-5
6.103515625E-5
7.120768229166667E-5
1.1189778645833333E-4
1.1189778645833333E-4
5.0862630208333336E-5
2.0345052083333332E-5
8.138020833333333E-5
6.103515625E-5
3.0517578125E-5
7.120768229166667E-5
5.0862630208333336E-5
4.0690104166666664E-5
4.0690104166666664E-5
4.0690104166666664E-5
2.0345052083333332E-5
4.0690104166666664E-5
2.0345052083333332E-5
3.0517578125E-5
2.0345052083333332E-5
3.0517578125E-5
2.0345052083333332E-5
2.0345052083333332E-5
2.0345052083333332E-5
2.0345052083333332E-5
1.0172526041666666E-5
4.0690104166666664E-5
3.0517578125E-5
0.0
0.0
1.0172526041666666E-5
1.0172526041666666E-5
0.0
1.0172526041666666E-5
0.0
2.0345052083333332E-5
3.0517578125E-5
2.0345052083333332E-5
2.0345052083333332E-5
4.0690104166666664E-5
1.0172526041666666E-5
0.0
2.0345052083333332E-5
2.0345052083333332E-5
0.0
2.0345052083333332E-5
0.0
3.0517578125E-5
0.0
1.0172526041666666E-5
0.0
0.0
1.0172526041666666E-5
1.0172526041666666E-5
0.0
0.0
0.0
1.0172526041666666E-5
0.0
0.0
2.0345052083333332E-5
1.0172526041666666E-5
0.0
0.0
1.0172526041666666E-5
0.0
0.0
0.0
2.0345052083333332E-5
3.0517578125E-5
1.0172526041666666E-5
1.0172526041666666E-5
2.0345052083333332E-5
1.0172526041666666E-5
1.0172526041666666E-5
1.0172526041666666E-5
0.0
2.0345052083333332E-5
0.0
0.0
0.0
0.0
0.0
0.0
0.0
0.0
0.0
0.0
0.0
0.0
0.0
0.0
0.0
0.0
0.0
0.0
0.0
0.0
0.0
0.0
0.0
0.0
0.0
0.0
0.0
0.0
0.0
0.0
0.0
0.0
0.0
0.0
0.0
0.0
0.0
0.0
0.0
0.0
0.0
0.0
0.0
0.0
0.0
0.0
0.0
0.0
0.0
0.0
0.0
0.0
0.0
0.0
0.0
0.0
0.0
0.0
0.0
0.0
0.0
0.0
0.0
0.0
0.0
0.0
0.0
0.0
0.0
0.0
0.0
0.0
0.0
0.0
0.0
0.0
0.0
0.0
0.0
0.0
0.0
0.0
0.0
0.0
0.0
0.0
0.0
0.0
0.0
0.0
0.0
0.0
0.0
0.0
0.0
0.0
0.0
0.0
0.0
0.0
0.0
0.0
0.0
0.0
0.0
0.0
