0.5404459635416666
0.17096964518229166
0.0875244140625
0.051218668619791664
0.027323404947916668
0.018351236979166668
0.013275146484375
0.010365804036458334
0.0081787109375
0.007232666015625
0.005869547526041667
0.004984537760416667
0.0045166015625
0.004069010416666667
0.00372314453125
0.0033365885416666665
0.003173828125
0.0031331380208333335
0.0025533040364583335
0.0019327799479166667
0.002227783203125
0.0014546712239583333
0.0017191569010416667
0.00146484375
0.0014139811197916667
0.0011494954427083333
0.0011393229166666667
0.0011800130208333333
0.00115966796875
0.0010579427083333333
8.951822916666666E-4
9.053548177083334E-4
7.120768229166666E-4
5.696614583333334E-4
5.900065104166666E-4
4.069010416666667E-4
4.069010416666667E-4
3.96728515625E-4
4.170735677083333E-4
2.848307291666667E-4
2.2379557291666666E-4
3.0517578125E-4
2.74658203125E-4
2.848307291666667E-4
1.9327799479166666E-4
2.644856770833333E-4
2.2379557291666666E-4
2.74658203125E-4
6.001790364583334E-4
0.00103759765625
0.001068115234375
3.560384114583333E-4
0.0012919108072916667
3.662109375E-4
8.138020833333333E-5
1.0172526041666667E-4
1.0172526041666667E-4
1.220703125E-4
7.120768229166667E-5
5.0862630208333336E-5
1.1189778645833333E-4
5.0862630208333336E-5
9.1552734375E-5
8.138020833333333E-5
6.103515625E-5
2.0345052083333332E-5
6.103515625E-5
6.103515625E-5
3.0517578125E-5
1.0172526041666666E-5
1.0172526041666666E-5
2.0345052083333332E-5
4.0690104166666664E-5
4.0690104166666664E-5
0.0
3.0517578125E-5
2.0345052083333332E-5
2.0345052083333332E-5
2.0345052083333332E-5
3.0517578125E-5
2.0345052083333332E-5
2.0345052083333332E-5
1.0172526041666666E-5
0.0
1.0172526041666666E-5
1.0172526041666666E-5
0.0
2.0345052083333332E-5
0.0
0.0
2.0345052083333332E-5
0.0
1.0172526041666666E-5
0.0
0.0
0.0
0.0
2.0345052083333332E-5
0.0
0.0
0.0
0.0
1.0172526041666666E-5
0.0
0.0
0.0
0.0
0.0
0.0
0.0
0.0
0.0
0.0
0.0
0.0
0.0
0.0
0.0
0.0
0.0
0.0
1.0172526041666666E-5
0.0
0.0
0.0
0.0
0.0
0.0
0.0
0.0
0.0
0.0
0.0
0.0
0.0
0.0
0.0
0.0
0.0
0.0
0.0
0.0
0.0
0.0
0.0
0.0
0.0
0.0
0.0
0.0
0.0
0.0
0.0
0.0
0.0
0.0
0.0
0.0
0.0
0.0
0.0
0.0
0.0
0.0
0.0
0.0
0.0
0.0
0.0
0.0
0.0
0.0
0.0
0.0
0.0
0.0
0.0
0.0
0.0
0.0
0.0
0.0
0.0
0.0
0.0
0.0
0.0
0.0
0.0
0.0
0.0
0.0
0.0
0.0
0.0
0.0
0.0
0.0
0.0
0.0
0.0
0.0
0.0
0.0
0.0
0.0
0.0
0.0
0.0
0.0
0.0
0.0
0.0
0.0
0.0
0.0
0.0
0.0
0.0
0.0
0.0
0.0
0.0
0.0
0.0
0.0
0.0
0.0
0.0
0.0
0.0
0.0
0.0
0.0
0.0
0.0
0.0
0.0
0.0
0.0
0.0
0.0
0.0
0.0
0.0
0.0
0.0
0.0
0.0
0.0
0.0
0.0
0.0
0.0
0.0
0.0
