0.5469868977864584
0.16834513346354166
0.09971110026041667
0.05419921875
0.02880859375
0.018778483072916668
0.012685139973958334
0.009908040364583334
0.00811767578125
0.006276448567708333
0.005350748697916667
0.004964192708333333
0.004374186197916667
0.003692626953125
0.0033060709635416665
0.0028279622395833335
0.002532958984375
0.0017903645833333333
0.0016682942708333333
0.0014750162760416667
0.001434326171875
0.001251220703125
8.646647135416666E-4
7.9345703125E-4
7.527669270833334E-4
7.832845052083334E-4
5.900065104166666E-4
7.222493489583334E-4
5.289713541666666E-4
4.2724609375E-4
3.763834635416667E-4
3.763834635416667E-4
2.950032552083333E-4
2.950032552083333E-4
3.458658854166667E-4
2.950032552083333E-4
2.3396809895833334E-4
2.44140625E-4
2.0345052083333334E-4
1.52587890625E-4
2.2379557291666666E-4
1.6276041666666666E-4
1.8310546875E-4
1.7293294270833334E-4
2.13623046875E-4
1.0172526041666667E-4
9.1552734375E-5
1.0172526041666667E-4
1.6276041666666666E-4
1.8310546875E-4
1.3224283854166666E-4
1.52587890625E-4
1.220703125E-4
7.120768229166667E-5
8.138020833333333E-5
4.0690104166666664E-5
1.0172526041666667E-4
4.0690104166666664E-5
6.103515625E-5
7.120768229166667E-5
7.120768229166667E-5
4.0690104166666664E-5
7.120768229166667E-5
2.0345052083333332E-5
4.0690104166666664E-5
3.0517578125E-5
7.120768229166667E-5
5.0862630208333336E-5
2.0345052083333332E-5
0.0
1.0172526041666666E-5
4.0690104166666664E-5
4.0690104166666664E-5
0.0
2.0345052083333332E-5
2.0345052083333332E-5
2.0345052083333332E-5
2.0345052083333332E-5
0.0
0.0
1.0172526041666666E-5
1.0172526041666666E-5
1.0172526041666666E-5
1.0172526041666666E-5
1.0172526041666666E-5
0.0
0.0
1.0172526041666666E-5
1.0172526041666666E-5
2.0345052083333332E-5
0.0
0.0
1.0172526041666666E-5
0.0
1.0172526041666666E-5
0.0
0.0
0.0
1.0172526041666666E-5
0.0
0.0
0.0
0.0
0.0
1.0172526041666666E-5
0.0
1.0172526041666666E-5
0.0
0.0
0.0
0.0
1.0172526041666666E-5
0.0
0.0
0.0
0.0
0.0
2.0345052083333332E-5
0.0
0.0
0.0
0.0
0.0
0.0
0.0
0.0
0.0
0.0
0.0
0.0
0.0
0.0
0.0
0.0
0.0
0.0
0.0
0.0
0.0
0.0
0.0
0.0
0.0
0.0
0.0
0.0
0.0
0.0
0.0
0.0
0.0
0.0
0.0
0.0
0.0
0.0
0.0
0.0
0.0
0.0
0.0
0.0
0.0
0.0
0.0
0.0
0.0
0.0
0.0
0.0
0.0
0.0
0.0
0.0
0.0
0.0
0.0
0.0
0.0
0.0
0.0
0.0
0.0
0.0
0.0
0.0
0.0
0.0
0.0
0.0
0.0
0.0
0.0
0.0
0.0
0.0
0.0
0.0
0.0
0.0
0.0
0.0
0.0
0.0
0.0
0.0
0.0
0.0
0.0
0.0
0.0
0.0
0.0
0.0
0.0
0.0
0.0
0.0
0.0
0.0
0.0
0.0
0.0
0.0
0.0
0.0
0.0
0.0
0.0
0.0
0.0
0.0
0.0
0.0
0.0
0.0
0.0
0.0
0.0
0.0
0.0
0.0
0.0
0.0
0.0
0.0
0.0
0.0
0.0
0.0
0.0
0.0
0.0
0.0
0.0
0.0
